CMT3_434 best one:  754.3587779158254 2 [0, 76, 80, 68, 77, 3, 79, 33, 81, 9, 51, 50, 1, 95, 92, 37, 100, 98, 85, 93, 59, 94, 27, 69, 70, 30, 20, 66, 65, 71, 35, 34, 78, 29, 24, 54, 12, 52, 7, 19, 49, 64, 11, 63, 90, 32, 10, 62, 88, 31, 89, 60, 5, 84, 17, 45, 46, 36, 47, 48, 82, 8, 83, 18, 2, 57, 15, 43, 42, 14, 44, 38, 86, 16, 61, 91, 99, 96, 6, 13, 97, 87, 41, 22, 74, 72, 21, 40, 53, 28, 26, 4, 55, 25, 39, 67, 23, 56, 75, 73, 58, 101]
[[0, 76, 80, 68, 77, 3, 79, 33, 81, 9, 51, 50, 1, 0], [0, 95, 92, 37, 100, 98, 85, 93, 59, 94, 0], [0, 27, 69, 70, 30, 20, 66, 65, 71, 35, 34, 78, 29, 24, 54, 12, 0], [0, 52, 7, 19, 49, 64, 11, 63, 90, 32, 10, 62, 88, 31, 0], [0, 89, 60, 5, 84, 17, 45, 46, 36, 47, 48, 82, 8, 83, 18, 0], [0, 2, 57, 15, 43, 42, 14, 44, 38, 86, 16, 61, 91, 99, 96, 6, 0], [0, 13, 97, 87, 41, 22, 74, 72, 21, 40, 53, 0], [0, 28, 26, 4, 55, 25, 39, 67, 23, 56, 75, 73, 58, 0]] [[1067.37007453794, 1150.3110360142034], [1150.7690880081855, 1199.9999999999993], [1560.5097970360077, 1677.0345570348595], [785.1205853667392, 905.6465668210814], [907.7090094119012, 1015.6173614380991], [1016.0443333523, 1133.377998029089], [1133.7078742830586, 1200.0], [1586.397979425374, 1679.9999999999995]]

CMT3_289 best one:  741.4606891426606 3 [0, 26, 21, 72, 4, 54, 24, 29, 79, 3, 68, 80, 12, 94, 95, 97, 87, 13, 88, 7, 82, 48, 47, 19, 11, 62, 10, 31, 27, 89, 5, 93, 85, 98, 59, 99, 96, 6, 76, 77, 78, 34, 35, 71, 65, 66, 20, 51, 9, 81, 33, 50, 58, 40, 73, 74, 22, 41, 75, 56, 23, 67, 39, 25, 55, 28, 52, 18, 60, 83, 84, 17, 45, 8, 46, 36, 49, 64, 63, 90, 32, 30, 70, 1, 69, 53, 2, 57, 15, 43, 42, 14, 44, 38, 86, 16, 61, 91, 100, 37, 92, 101]
[[0, 26, 21, 72, 4, 54, 24, 29, 79, 3, 68, 80, 12, 0], [0, 94, 95, 97, 87, 13, 0], [0, 88, 7, 82, 48, 47, 19, 11, 62, 10, 31, 27, 0], [0, 89, 5, 93, 85, 98, 59, 99, 96, 6, 0], [0, 76, 77, 78, 34, 35, 71, 65, 66, 20, 51, 9, 81, 33, 50, 0], [0, 58, 40, 73, 74, 22, 41, 75, 56, 23, 67, 39, 25, 55, 28, 0], [0, 52, 18, 60, 83, 84, 17, 45, 8, 46, 36, 49, 64, 63, 90, 32, 30, 70, 1, 69, 0], [0, 53, 2, 57, 15, 43, 42, 14, 44, 38, 86, 16, 61, 91, 100, 37, 92, 0]] [[1106.2547512681385, 1199.9999999999995], [1560.3105742782222, 1594.3997098639386], [1595.4521053978588, 1677.4610115138526], [1147.924888639918, 1199.9999999999998], [1560.1322025434533, 1672.2662393635205], [498.30595637212974, 608.1293041216911], [1051.2682948244124, 1200.0000000000002], [1571.1468023962086, 1680.0]]


CMT3_454 best one:  757.6101640368506 2 [0, 18, 83, 84, 17, 86, 38, 44, 14, 42, 43, 15, 57, 2, 58, 53, 33, 81, 71, 65, 66, 20, 32, 90, 63, 10, 62, 88, 40, 73, 74, 22, 41, 23, 67, 39, 56, 75, 72, 21, 26, 4, 25, 55, 54, 24, 29, 80, 68, 77, 76, 12, 28, 27, 69, 1, 50, 3, 79, 78, 34, 35, 9, 51, 30, 70, 31, 13, 87, 97, 92, 59, 95, 94, 6, 96, 99, 93, 85, 98, 37, 100, 91, 16, 61, 5, 60, 89, 52, 7, 48, 19, 11, 64, 49, 36, 47, 46, 45, 8, 82, 101]
[[0, 18, 83, 84, 17, 86, 38, 44, 14, 42, 43, 15, 57, 2, 58, 53, 0], [0, 33, 81, 71, 65, 66, 20, 32, 90, 63, 10, 62, 88, 0], [0, 40, 73, 74, 22, 41, 23, 67, 39, 56, 75, 72, 21, 0], [0, 26, 4, 25, 55, 54, 24, 29, 80, 68, 77, 76, 12, 28, 0], [0, 27, 69, 1, 50, 3, 79, 78, 34, 35, 9, 51, 30, 70, 31, 0], [0, 13, 87, 97, 92, 59, 95, 94, 0], [0, 6, 96, 99, 93, 85, 98, 37, 100, 91, 16, 61, 5, 60, 89, 0], [0, 52, 7, 48, 19, 11, 64, 49, 36, 47, 46, 45, 8, 82, 0]] [[968.8461439024777, 1090.8067875722836], [1561.2900882586193, 1674.33733935995], [360.05720956033184, 456.47745523254514], [457.85454384071386, 555.7242077679565], [989.417009288866, 1089.814181675394], [1090.6824187848324, 1133.687244548948], [1133.918200633368, 1200.0], [1560.7857773281764, 1679.6143394771589]]

CMT3_303 best one:  738.9538015067642 3 [0, 31, 88, 62, 10, 63, 90, 32, 30, 70, 69, 27, 6, 94, 96, 99, 59, 93, 5, 84, 17, 45, 8, 83, 60, 89, 52, 7, 19, 11, 64, 49, 36, 46, 47, 48, 82, 18, 53, 58, 2, 73, 74, 22, 41, 57, 15, 43, 42, 87, 97, 95, 13, 50, 33, 81, 78, 34, 35, 71, 65, 66, 20, 9, 51, 1, 98, 85, 61, 16, 86, 38, 14, 44, 91, 100, 37, 92, 28, 76, 77, 3, 79, 29, 24, 54, 80, 68, 12, 26, 4, 55, 25, 39, 67, 23, 56, 75, 72, 21, 40, 101]
[[0, 31, 88, 62, 10, 63, 90, 32, 30, 70, 69, 27, 0], [0, 6, 94, 96, 99, 59, 93, 5, 84, 17, 45, 8, 83, 60, 89, 0], [0, 52, 7, 19, 11, 64, 49, 36, 46, 47, 48, 82, 18, 0], [0, 53, 58, 2, 73, 74, 22, 41, 57, 15, 43, 42, 87, 97, 95, 13, 0], [0, 50, 33, 81, 78, 34, 35, 71, 65, 66, 20, 9, 51, 1, 0], [0, 98, 85, 61, 16, 86, 38, 14, 44, 91, 100, 37, 92, 0], [0, 28, 76, 77, 3, 79, 29, 24, 54, 80, 68, 12, 0], [0, 26, 4, 55, 25, 39, 67, 23, 56, 75, 72, 21, 40, 0]] [[1038.1342202604453, 1120.0616791313707], [1121.1787854972745, 1199.9999999999995], [1560.7576388551147, 1671.0399786207563], [1104.5157796796789, 1199.9999999999995], [1560.035798221454, 1671.252003544145], [1026.5426055364385, 1120.337176373996], [1122.8367335939943, 1199.9999999999995], [1589.7354745191021, 1679.9999999999993]]


CMT3_227 best one:  735.409902893045 4 [0, 76, 50, 33, 81, 9, 35, 71, 65, 66, 20, 51, 1, 27, 6, 96, 99, 93, 85, 98, 59, 94, 18, 82, 48, 19, 11, 62, 10, 31, 88, 7, 52, 95, 97, 92, 37, 100, 91, 61, 16, 86, 17, 84, 5, 53, 58, 40, 21, 73, 2, 57, 15, 43, 38, 44, 14, 42, 87, 13, 89, 60, 83, 45, 8, 46, 47, 36, 49, 64, 63, 90, 32, 30, 70, 69, 72, 74, 22, 41, 75, 56, 23, 67, 39, 25, 55, 4, 26, 54, 24, 29, 34, 78, 79, 3, 77, 68, 80, 12, 28, 101]
[[0, 76, 50, 33, 81, 9, 35, 71, 65, 66, 20, 51, 1, 27, 0], [0, 6, 96, 99, 93, 85, 98, 59, 94, 0], [0, 18, 82, 48, 19, 11, 62, 10, 31, 88, 7, 52, 0], [0, 95, 97, 92, 37, 100, 91, 61, 16, 86, 17, 84, 5, 0], [0, 53, 58, 40, 21, 73, 2, 57, 15, 43, 38, 44, 14, 42, 87, 13, 0], [0, 89, 60, 83, 45, 8, 46, 47, 36, 49, 64, 63, 90, 32, 30, 70, 69, 0], [0, 72, 74, 22, 41, 75, 56, 23, 67, 39, 25, 55, 4, 0], [0, 26, 54, 24, 29, 34, 78, 79, 3, 77, 68, 80, 12, 28, 0]] [[1560.0, 1662.150317690039], [1554.4029428234544, 1596.2321937247032], [1596.487227976509, 1679.9063838189984], [1118.7835342271585, 1199.9999999999998], [1560.2129777690539, 1662.5414389163957], [466.19049157168035, 597.9253258251059], [1090.0109950778672, 1200.0000000000002], [1597.2546948039621, 1679.9971071674884]]

CMT3_217 best one:  726.2572696999167 4 [0, 94, 95, 92, 98, 85, 61, 93, 59, 99, 96, 6, 50, 33, 51, 9, 81, 78, 34, 35, 71, 65, 66, 20, 30, 70, 28, 76, 77, 3, 79, 29, 24, 68, 80, 12, 97, 37, 100, 91, 16, 44, 14, 38, 86, 17, 84, 5, 60, 89, 58, 2, 73, 72, 74, 75, 22, 41, 57, 15, 43, 42, 87, 13, 69, 1, 10, 32, 90, 63, 64, 49, 36, 46, 8, 45, 83, 18, 27, 31, 88, 62, 11, 19, 47, 48, 82, 7, 52, 53, 40, 21, 4, 56, 23, 67, 39, 25, 55, 54, 26, 101]
[[0, 94, 95, 92, 98, 85, 61, 93, 59, 99, 96, 6, 0], [0, 50, 33, 51, 9, 81, 78, 34, 35, 71, 65, 66, 20, 30, 70, 0], [0, 28, 76, 77, 3, 79, 29, 24, 68, 80, 12, 0], [0, 97, 37, 100, 91, 16, 44, 14, 38, 86, 17, 84, 5, 60, 89, 0], [0, 58, 2, 73, 72, 74, 75, 22, 41, 57, 15, 43, 42, 87, 13, 0], [0, 69, 1, 10, 32, 90, 63, 64, 49, 36, 46, 8, 45, 83, 18, 0], [0, 27, 31, 88, 62, 11, 19, 47, 48, 82, 7, 52, 0], [0, 53, 40, 21, 4, 56, 23, 67, 39, 25, 55, 54, 26, 0]] [[1146.8170624369286, 1199.9999999999995], [1560.666039911215, 1676.1283166253706], [1046.8384873391583, 1115.7290744932602], [1560.2072817850205, 1655.3128981614586], [1103.750799712075, 1199.9999999999989], [1557.0145791534733, 1679.632441666506], [986.5220518254304, 1069.2508642295045], [1587.9800233128808, 1679.9999999999998]]

CMT3_173 best one:  730.7381442579772 5 [0, 76, 77, 3, 79, 33, 81, 78, 34, 29, 24, 68, 80, 12, 6, 96, 99, 93, 85, 61, 16, 86, 17, 84, 5, 89, 60, 83, 45, 46, 36, 49, 64, 63, 90, 32, 10, 31, 18, 8, 82, 48, 47, 19, 11, 62, 88, 7, 52, 94, 95, 59, 98, 100, 37, 97, 87, 13, 53, 58, 4, 56, 23, 67, 39, 25, 55, 54, 26, 92, 91, 44, 38, 14, 42, 43, 15, 57, 2, 41, 22, 75, 74, 72, 73, 21, 40, 27, 69, 70, 30, 20, 66, 65, 71, 35, 9, 51, 50, 1, 28, 101]
[[0, 76, 77, 3, 79, 33, 81, 78, 34, 29, 24, 68, 80, 12, 0], [0, 6, 96, 99, 93, 85, 61, 16, 86, 17, 84, 5, 0], [0, 89, 60, 83, 45, 46, 36, 49, 64, 63, 90, 32, 10, 31, 0], [0, 18, 8, 82, 48, 47, 19, 11, 62, 88, 7, 52, 0], [0, 94, 95, 59, 98, 100, 37, 97, 87, 13, 0], [0, 53, 58, 4, 56, 23, 67, 39, 25, 55, 54, 26, 0], [0, 92, 91, 44, 38, 14, 42, 43, 15, 57, 2, 41, 22, 75, 74, 72, 73, 21, 40, 0], [0, 27, 69, 70, 30, 20, 66, 65, 71, 35, 9, 51, 50, 1, 28, 0]] [[1560.699498276491, 1643.4514001992457], [1125.9566173684157, 1199.9999999999998], [1560.0461542817811, 1671.7056719958603], [1055.6062913244145, 1147.8799326666733], [1148.5434197483355, 1199.9999999999993], [1560.1299792972409, 1653.1871281630258], [1557.1910946469754, 1678.9464485318827], [1576.2593823550549, 1679.9999999999993]]

CMT3_145 best one:  737.8056480175684 6 [0, 1, 51, 20, 66, 65, 71, 35, 9, 81, 33, 50, 94, 95, 92, 37, 98, 85, 93, 59, 99, 96, 6, 18, 83, 8, 46, 45, 17, 84, 5, 60, 89, 26, 4, 55, 25, 39, 67, 23, 56, 75, 72, 21, 31, 10, 63, 90, 32, 30, 70, 69, 27, 52, 7, 82, 48, 47, 36, 49, 64, 11, 19, 62, 88, 53, 40, 73, 74, 22, 41, 15, 43, 42, 57, 2, 58, 61, 16, 86, 38, 14, 44, 91, 100, 97, 87, 13, 12, 68, 80, 54, 24, 29, 34, 78, 79, 3, 77, 76, 28, 101]
[[0, 1, 51, 20, 66, 65, 71, 35, 9, 81, 33, 50, 0], [0, 94, 95, 92, 37, 98, 85, 93, 59, 99, 96, 6, 0], [0, 18, 83, 8, 46, 45, 17, 84, 5, 60, 89, 0], [0, 26, 4, 55, 25, 39, 67, 23, 56, 75, 72, 21, 0], [0, 31, 10, 63, 90, 32, 30, 70, 69, 27, 0], [0, 52, 7, 82, 48, 47, 36, 49, 64, 11, 19, 62, 88, 0], [0, 53, 40, 73, 74, 22, 41, 15, 43, 42, 57, 2, 58, 0], [0, 61, 16, 86, 38, 14, 44, 91, 100, 97, 87, 13, 0], [0, 12, 68, 80, 54, 24, 29, 34, 78, 79, 3, 77, 76, 28, 0]] [[1560.0, 1658.2734964268552], [1560.0090448113272, 1603.290616074724], [1603.7935000141506, 1679.4023771207726], [1560.3451793092293, 1650.4233286884225], [1000.0675394740707, 1073.2796775337463], [1560.0001818280173, 1662.1387589517346], [1115.9596287646186, 1199.9999999999998], [1560.1494549809004, 1648.525832695951], [1596.3527250444479, 1679.1488147521238]]

CMT3_182 best one:  734.4507931295343 5 [0, 53, 58, 2, 41, 22, 75, 74, 72, 73, 21, 26, 89, 60, 83, 84, 5, 93, 85, 61, 17, 45, 46, 8, 82, 18, 31, 10, 63, 90, 32, 66, 65, 35, 71, 20, 30, 70, 69, 52, 7, 48, 47, 36, 49, 64, 11, 19, 62, 88, 27, 28, 76, 77, 29, 24, 54, 55, 25, 39, 67, 23, 56, 4, 40, 59, 92, 98, 37, 100, 91, 44, 14, 38, 86, 16, 99, 96, 6, 94, 95, 97, 42, 43, 15, 57, 87, 13, 12, 80, 68, 3, 79, 78, 34, 9, 51, 81, 33, 50, 1, 101]
[[0, 53, 58, 2, 41, 22, 75, 74, 72, 73, 21, 26, 0], [0, 89, 60, 83, 84, 5, 93, 85, 61, 17, 45, 46, 8, 82, 18, 0], [0, 31, 10, 63, 90, 32, 66, 65, 35, 71, 20, 30, 70, 69, 0], [0, 52, 7, 48, 47, 36, 49, 64, 11, 19, 62, 88, 27, 0], [0, 28, 76, 77, 29, 24, 54, 55, 25, 39, 67, 23, 56, 4, 40, 0], [0, 59, 92, 98, 37, 100, 91, 44, 14, 38, 86, 16, 99, 96, 6, 0], [0, 94, 95, 97, 42, 43, 15, 57, 87, 13, 0], [0, 12, 80, 68, 3, 79, 78, 34, 9, 51, 81, 33, 50, 1, 0]] [[1133.2076666557564, 1199.9999999999995], [1560.0461542817811, 1656.247031909159], [1560.13364843609, 1673.8628237554897], [1560.13369404538, 1659.6294454404554], [1560.3197071768025, 1671.9367313053785], [998.8235368551781, 1092.0344356249004], [1130.4123503440874, 1199.9999999999995], [1596.1829171107727, 1680.0]]

CMT3_151 best one:  720.538582992158 6 [0, 70, 30, 20, 51, 9, 71, 66, 65, 35, 34, 78, 81, 33, 50, 6, 96, 99, 93, 85, 100, 37, 59, 95, 94, 60, 83, 45, 17, 84, 5, 61, 16, 86, 44, 91, 98, 92, 97, 13, 72, 75, 56, 23, 67, 39, 25, 55, 4, 54, 26, 58, 2, 87, 42, 14, 38, 43, 15, 57, 41, 22, 74, 73, 21, 40, 53, 12, 80, 68, 24, 29, 79, 3, 77, 76, 28, 52, 7, 82, 48, 19, 11, 62, 88, 31, 1, 69, 27, 89, 18, 8, 46, 47, 36, 49, 64, 63, 90, 32, 10, 101]
[[0, 70, 30, 20, 51, 9, 71, 66, 65, 35, 34, 78, 81, 33, 50, 0], [0, 6, 96, 99, 93, 85, 100, 37, 59, 95, 94, 0], [0, 60, 83, 45, 17, 84, 5, 61, 16, 86, 44, 91, 98, 92, 97, 13, 0], [0, 72, 75, 56, 23, 67, 39, 25, 55, 4, 54, 26, 0], [0, 58, 2, 87, 42, 14, 38, 43, 15, 57, 41, 22, 74, 73, 21, 40, 53, 0], [0, 12, 80, 68, 24, 29, 79, 3, 77, 76, 28, 0], [0, 52, 7, 82, 48, 19, 11, 62, 88, 31, 1, 69, 27, 0], [0, 89, 18, 8, 46, 47, 36, 49, 64, 63, 90, 32, 10, 0]] [[1560.0, 1676.6733294647518], [992.1427759031326, 1041.1822702176182], [1560.103285670133, 1650.8959634291227], [1560.7657080604934, 1656.753287551586], [1560.0000000000005, 1668.2790788233467], [1131.1094128458985, 1200.0000000000002], [1560.1641985665947, 1638.7691690853476], [1567.7291345333626, 1680.0]]

CMT4_360

CMT4_360 best one:  955.934515090237 3 [0, 18, 55, 133, 25, 95, 58, 14, 68, 90, 71, 122, 124, 33, 72, 91, 45, 65, 93, 42, 92, 137, 37, 132, 98, 24, 96, 97, 86, 43, 99, 69, 23, 57, 6, 102, 138, 48, 112, 7, 61, 114, 113, 26, 140, 8, 60, 81, 27, 11, 100, 2, 83, 131, 53, 127, 16, 38, 78, 63, 17, 147, 64, 19, 94, 88, 40, 136, 13, 67, 134, 110, 139, 101, 20, 59, 3, 121, 115, 36, 85, 35, 84, 128, 29, 129, 126, 123, 125, 106, 73, 117, 89, 39, 75, 105, 54, 10, 49, 76, 142, 87, 148, 135, 111, 66, 41, 141, 150, 44, 107, 15, 52, 108, 62, 130, 50, 118, 21, 79, 74, 34, 30, 104, 9, 5, 103, 12, 144, 145, 109, 143, 149, 4, 146, 56, 47, 46, 119, 1, 120, 82, 31, 28, 116, 70, 80, 22, 51, 32, 77, 151]
[[0, 18, 55, 133, 25, 95, 58, 14, 68, 0], [0, 90, 71, 122, 124, 33, 72, 91, 45, 65, 93, 42, 92, 137, 37, 0], [0, 132, 98, 24, 96, 97, 86, 43, 99, 69, 23, 57, 6, 102, 0], [0, 138, 48, 112, 7, 61, 114, 113, 26, 140, 8, 60, 81, 27, 0], [0, 11, 100, 2, 83, 131, 53, 127, 16, 38, 78, 0], [0, 63, 17, 147, 64, 19, 94, 88, 40, 136, 13, 67, 134, 110, 139, 0], [0, 101, 20, 59, 3, 121, 115, 36, 85, 35, 84, 128, 29, 129, 126, 0], [0, 123, 125, 106, 73, 117, 89, 39, 75, 105, 54, 10, 49, 76, 0], [0, 142, 87, 148, 135, 111, 66, 41, 141, 150, 44, 107, 15, 52, 108, 0], [0, 62, 130, 50, 118, 21, 79, 74, 34, 30, 104, 9, 5, 103, 0], [0, 12, 144, 145, 109, 143, 149, 4, 146, 56, 47, 0], [0, 46, 119, 1, 120, 82, 31, 28, 116, 70, 80, 22, 51, 32, 77, 0]] [[997.3069882991651, 1060.539032792328], [1115.4162502287913, 1199.9999999999998], [1560.6652753548908, 1654.1715268643327], [388.8233841145972, 483.06242618785933], [483.2026023766319, 539.3547653016929], [1104.4566599036584, 1200.0], [1560.294372226944, 1659.4175479373216], [904.0216897709013, 1004.8257117492791], [1005.9656984226093, 1085.4548941279697], [1128.2480912189283, 1199.999999999999], [1562.4524593547676, 1599.1031167098029], [1599.141035308463, 1679.9999999999998]]

CMT4_270
CMT4_270 best one:  942.0956683428643 4 [0, 53, 129, 29, 128, 84, 20, 59, 131, 83, 2, 100, 1, 120, 80, 70, 28, 116, 115, 36, 85, 35, 121, 3, 101, 22, 51, 12, 144, 145, 109, 143, 149, 4, 146, 56, 47, 139, 110, 18, 55, 134, 13, 67, 95, 25, 14, 133, 68, 5, 106, 73, 117, 89, 39, 75, 105, 104, 9, 38, 138, 48, 112, 61, 7, 69, 23, 98, 132, 57, 6, 102, 76, 49, 10, 54, 30, 34, 74, 79, 21, 118, 50, 130, 62, 77, 27, 81, 119, 32, 11, 126, 127, 16, 78, 58, 96, 24, 97, 86, 43, 99, 114, 113, 26, 140, 82, 31, 8, 60, 46, 103, 90, 71, 123, 122, 124, 125, 33, 72, 91, 45, 15, 52, 108, 37, 137, 44, 107, 65, 93, 88, 40, 64, 42, 92, 147, 17, 63, 142, 87, 150, 141, 19, 94, 41, 136, 66, 111, 135, 148, 151]
[[0, 53, 129, 29, 128, 84, 20, 59, 131, 83, 2, 100, 0], [0, 1, 120, 80, 70, 28, 116, 115, 36, 85, 35, 121, 3, 101, 22, 51, 0], [0, 12, 144, 145, 109, 143, 149, 4, 146, 56, 47, 139, 0], [0, 110, 18, 55, 134, 13, 67, 95, 25, 14, 133, 68, 0], [0, 5, 106, 73, 117, 89, 39, 75, 105, 104, 9, 38, 0], [0, 138, 48, 112, 61, 7, 69, 23, 98, 132, 57, 6, 102, 0], [0, 76, 49, 10, 54, 30, 34, 74, 79, 21, 118, 50, 130, 62, 0], [0, 77, 27, 81, 119, 32, 11, 126, 127, 16, 78, 0], [0, 58, 96, 24, 97, 86, 43, 99, 114, 113, 26, 140, 82, 31, 8, 60, 46, 0], [0, 103, 90, 71, 123, 122, 124, 125, 33, 72, 91, 45, 15, 52, 108, 0], [0, 37, 137, 44, 107, 65, 93, 88, 40, 64, 42, 92, 147, 17, 63, 0], [0, 142, 87, 150, 141, 19, 94, 41, 136, 66, 111, 135, 148, 0]] [[465.8280740042744, 540.3426912029065], [1560.5074962418532, 1662.965065464935], [1563.2540689980872, 1601.339702312504], [1601.8331881218437, 1671.5097161875499], [970.7730107121293, 1066.4101653134226], [1124.7911503197188, 1199.9999999999993], [1551.0373524286265, 1624.3788349128627], [1625.039697768041, 1679.743173500896], [901.0323112373028, 1027.8724072779353], [1028.7468119843509, 1092.587301766975], [1102.7943679682162, 1199.999999999999], [1609.4158598126758, 1679.9999999999989]]



CMT4_216 
CMT4_216 best one:  939.6933892882255 5 [0, 23, 69, 7, 61, 114, 99, 43, 86, 97, 96, 24, 98, 77, 139, 18, 55, 47, 108, 52, 15, 45, 91, 72, 33, 125, 124, 122, 123, 71, 90, 103, 137, 92, 64, 19, 94, 88, 40, 136, 41, 66, 141, 87, 142, 56, 46, 102, 138, 48, 112, 57, 6, 132, 14, 58, 95, 25, 133, 68, 63, 17, 147, 109, 149, 4, 146, 145, 144, 12, 126, 16, 127, 53, 129, 29, 128, 84, 35, 85, 36, 115, 121, 3, 101, 119, 27, 81, 60, 8, 26, 113, 140, 82, 31, 80, 120, 1, 51, 32, 5, 10, 54, 106, 73, 117, 89, 39, 75, 105, 49, 76, 37, 44, 107, 65, 93, 42, 150, 148, 143, 135, 111, 13, 67, 134, 110, 11, 100, 2, 83, 131, 20, 59, 116, 28, 70, 22, 38, 9, 104, 30, 34, 74, 79, 21, 118, 50, 130, 62, 78, 151]
[[0, 23, 69, 7, 61, 114, 99, 43, 86, 97, 96, 24, 98, 0], [0, 77, 139, 18, 55, 47, 0], [0, 108, 52, 15, 45, 91, 72, 33, 125, 124, 122, 123, 71, 90, 103, 0], [0, 137, 92, 64, 19, 94, 88, 40, 136, 41, 66, 141, 87, 142, 56, 0], [0, 46, 102, 138, 48, 112, 57, 6, 132, 14, 58, 95, 25, 133, 68, 0], [0, 63, 17, 147, 109, 149, 4, 146, 145, 144, 12, 0], [0, 126, 16, 127, 53, 129, 29, 128, 84, 35, 85, 36, 115, 121, 3, 101, 119, 0], [0, 27, 81, 60, 8, 26, 113, 140, 82, 31, 80, 120, 1, 51, 32, 0], [0, 5, 10, 54, 106, 73, 117, 89, 39, 75, 105, 49, 76, 0], [0, 37, 44, 107, 65, 93, 42, 150, 148, 143, 135, 111, 13, 67, 134, 110, 0], [0, 11, 100, 2, 83, 131, 20, 59, 116, 28, 70, 22, 0], [0, 38, 9, 104, 30, 34, 74, 79, 21, 118, 50, 130, 62, 78, 0]] [[1560.0, 1669.5986452136174], [1560.5055556338762, 1601.1381151420762], [1601.3425943004277, 1659.863043267834], [1103.1179294038568, 1199.798714215007], [1560.138650455618, 1635.0973324731676], [1635.314528336471, 1674.1165628844667], [958.781093019148, 1061.6705778547005], [1121.239616356234, 1200.0], [1560.0587789831848, 1650.0654606444402], [537.7181865937555, 638.7423390429327], [639.6149794949306, 723.478195432428], [1616.0436843049424, 1679.9999999999998]]


CMT4_180
CMT4_180 best one:  959.2012888010802 6 [0, 110, 18, 55, 134, 67, 13, 136, 40, 88, 141, 87, 147, 17, 142, 150, 64, 19, 94, 41, 66, 111, 135, 148, 145, 76, 49, 107, 65, 93, 42, 92, 44, 137, 37, 63, 51, 22, 101, 3, 59, 20, 131, 83, 2, 100, 46, 102, 6, 86, 43, 99, 114, 113, 26, 140, 82, 31, 8, 60, 103, 108, 52, 15, 45, 91, 72, 33, 124, 122, 10, 54, 104, 38, 139, 47, 56, 109, 143, 149, 4, 146, 144, 12, 77, 62, 9, 130, 50, 34, 74, 79, 21, 118, 127, 16, 126, 78, 30, 105, 75, 39, 89, 117, 73, 106, 125, 123, 71, 90, 5, 133, 14, 58, 25, 95, 96, 24, 97, 98, 132, 68, 11, 32, 119, 1, 81, 138, 48, 112, 61, 7, 69, 23, 57, 27, 120, 80, 70, 28, 116, 121, 115, 36, 85, 35, 84, 128, 29, 129, 53, 151]
[[0, 110, 18, 55, 134, 67, 13, 136, 40, 88, 141, 87, 147, 17, 0], [0, 142, 150, 64, 19, 94, 41, 66, 111, 135, 148, 145, 0], [0, 76, 49, 107, 65, 93, 42, 92, 44, 137, 37, 63, 0], [0, 51, 22, 101, 3, 59, 20, 131, 83, 2, 100, 0], [0, 46, 102, 6, 86, 43, 99, 114, 113, 26, 140, 82, 31, 8, 60, 0], [0, 103, 108, 52, 15, 45, 91, 72, 33, 124, 122, 10, 54, 104, 38, 0], [0, 139, 47, 56, 109, 143, 149, 4, 146, 144, 12, 77, 0], [0, 62, 9, 130, 50, 34, 74, 79, 21, 118, 127, 16, 126, 78, 0], [0, 30, 105, 75, 39, 89, 117, 73, 106, 125, 123, 71, 90, 5, 0], [0, 133, 14, 58, 25, 95, 96, 24, 97, 98, 132, 68, 0], [0, 11, 32, 119, 1, 81, 138, 48, 112, 61, 7, 69, 23, 57, 27, 0], [0, 120, 80, 70, 28, 116, 121, 115, 36, 85, 35, 84, 128, 29, 129, 53, 0]] [[1560.0, 1645.504299989359], [1007.2069983887128, 1078.3618651785105], [1560.3392248928303, 1638.352299663378], [1009.4830227223138, 1079.4839825242286], [1560.057991932055, 1665.437275287896], [1122.219364253317, 1199.9999999999995], [1560.0, 1605.377680075783


CMT4_154 
CMT4_154 best one:  981.3058524694968 7 [0, 10, 54, 105, 75, 39, 89, 117, 73, 106, 125, 124, 38, 62, 130, 50, 118, 127, 16, 126, 78, 48, 112, 26, 113, 140, 82, 31, 8, 60, 81, 144, 4, 149, 111, 66, 41, 135, 148, 63, 108, 52, 137, 44, 15, 45, 91, 72, 33, 122, 123, 71, 90, 27, 138, 23, 69, 7, 61, 114, 99, 43, 86, 97, 24, 96, 11, 100, 2, 20, 59, 121, 3, 101, 22, 51, 32, 77, 12, 14, 58, 95, 25, 133, 110, 18, 146, 56, 47, 119, 1, 120, 80, 70, 28, 116, 115, 36, 85, 35, 84, 128, 131, 83, 5, 76, 49, 9, 104, 30, 34, 74, 79, 21, 29, 129, 53, 139, 55, 134, 67, 13, 136, 141, 143, 109, 147, 17, 46, 102, 6, 57, 98, 132, 68, 145, 142, 87, 150, 19, 94, 40, 88, 64, 42, 92, 93, 65, 107, 37, 103, 151]
[[0, 10, 54, 105, 75, 39, 89, 117, 73, 106, 125, 124, 0], [0, 38, 62, 130, 50, 118, 127, 16, 126, 78, 0], [0, 48, 112, 26, 113, 140, 82, 31, 8, 60, 81, 0], [0, 144, 4, 149, 111, 66, 41, 135, 148, 63, 0], [0, 108, 52, 137, 44, 15, 45, 91, 72, 33, 122, 123, 71, 90, 0], [0, 27, 138, 23, 69, 7, 61, 114, 99, 43, 86, 97, 24, 96, 0], [0, 11, 100, 2, 20, 59, 121, 3, 101, 22, 51, 32, 77, 0], [0, 12, 14, 58, 95, 25, 133, 110, 18, 146, 56, 47, 0], [0, 119, 1, 120, 80, 70, 28, 116, 115, 36, 85, 35, 84, 128, 131, 83, 0], [0, 5, 76, 49, 9, 104, 30, 34, 74, 79, 21, 29, 129, 53, 0], [0, 139, 55, 134, 67, 13, 136, 141, 143, 109, 147, 17, 0], [0, 46, 102, 6, 57, 98, 132, 68, 0], [0, 145, 142, 87, 150, 19, 94, 40, 88, 64, 42, 92, 93, 65, 107, 37, 103, 0]] [[1560.0, 1651.6754075728459], [1560.2010441748018, 1601.435583683488], [1602.566246995724, 1673.3076263571743], [1552.5514476094584, 1611.4511913943725], [1611.8980310411332, 1679.9999999999998], [1002.6505510042041, 1120.7237247460575], [1120.754588579605, 1200.0], [1560.0841830523987, 1620.84835650193], [1560.3717306842063, 1660.293331186424], [1085.3079141204632, 1162.7148930663254], [1559.1438044066972, 1630.6683088378072], [1630.6897288444375, 1679.735972771795], [1585.3292731355932, 1680.0]]



CMT4_1131
CMT4_1131 best one:  957.9326322015099 8 [0, 32, 80, 70, 28, 116, 121, 115, 36, 85, 35, 84, 128, 83, 77, 100, 2, 126, 16, 11, 78, 47, 56, 146, 4, 149, 111, 135, 143, 109, 144, 46, 24, 97, 98, 23, 69, 7, 61, 112, 57, 132, 68, 103, 90, 45, 91, 72, 33, 73, 106, 125, 124, 122, 123, 71, 81, 60, 8, 31, 82, 140, 26, 113, 114, 99, 43, 86, 96, 58, 139, 133, 14, 25, 95, 67, 13, 66, 134, 55, 18, 110, 102, 6, 48, 138, 27, 1, 120, 22, 101, 3, 59, 20, 131, 51, 119, 127, 53, 129, 29, 21, 79, 74, 34, 118, 50, 130, 9, 62, 38, 142, 148, 141, 41, 136, 40, 88, 64, 19, 94, 150, 87, 17, 63, 12, 145, 147, 137, 44, 92, 42, 93, 65, 107, 15, 52, 37, 108, 5, 10, 54, 39, 89, 117, 75, 105, 30, 104, 49, 76, 151]
[[0, 32, 80, 70, 28, 116, 121, 115, 36, 85, 35, 84, 128, 83, 77, 0], [0, 100, 2, 126, 16, 11, 78, 0], [0, 47, 56, 146, 4, 149, 111, 135, 143, 109, 144, 0], [0, 46, 24, 97, 98, 23, 69, 7, 61, 112, 57, 132, 68, 0], [0, 103, 90, 45, 91, 72, 33, 73, 106, 125, 124, 122, 123, 71, 0], [0, 81, 60, 8, 31, 82, 140, 26, 113, 114, 99, 43, 86, 96, 58, 139, 0], [0, 133, 14, 25, 95, 67, 13, 66, 134, 55, 18, 110, 0], [0, 102, 6, 48, 138, 27, 1, 120, 22, 101, 3, 59, 20, 131, 51, 119, 0], [0, 127, 53, 129, 29, 21, 79, 74, 34, 118, 50, 130, 9, 62, 38, 0], [0, 142, 148, 141, 41, 136, 40, 88, 64, 19, 94, 150, 87, 17, 63, 0], [0, 12, 145, 147, 137, 44, 92, 42, 93, 65, 107, 15, 52, 37, 108, 0], [0, 5, 10, 54, 39, 89, 117, 75, 105, 30, 104, 49, 76, 0]] [[1559.9999999999995, 1665.11159548543], [1560.4163967825975, 1602.4238371820522], [1602.694001801966, 1648.8092826635334], [1560.1503022583654, 1648.6114185852946], [1018.7658492654587, 1099.2366710193533], [1560.4182625493693, 1671.3958614670094], [1560.4989834117082, 1637.014326753416], [1560.3764676013598, 1652.9040148667677], [1125.9599681881723, 1199.7613694352317], [1560.137533266752, 1644.1733833705669], [1122.1667855157016, 1199.9999999999995], [1599.1487147624828, 1679.2241367767883]]


CMT4_377
CMT4_377 best one:  967.2215103975244 3 [0, 63, 144, 145, 109, 149, 4, 47, 12, 124, 125, 106, 73, 117, 89, 39, 75, 105, 54, 10, 5, 51, 101, 3, 121, 35, 85, 36, 115, 116, 28, 70, 80, 22, 32, 38, 62, 118, 50, 130, 9, 49, 71, 122, 123, 90, 81, 60, 8, 61, 7, 69, 23, 112, 48, 138, 27, 146, 143, 135, 141, 94, 40, 88, 64, 19, 150, 148, 87, 142, 147, 17, 77, 59, 20, 84, 128, 131, 83, 2, 100, 11, 119, 1, 120, 31, 82, 140, 26, 113, 114, 99, 43, 86, 97, 132, 68, 103, 108, 52, 15, 72, 33, 91, 45, 65, 93, 42, 92, 44, 107, 137, 37, 110, 18, 55, 134, 67, 13, 136, 41, 66, 111, 56, 78, 126, 16, 127, 53, 129, 29, 21, 79, 74, 34, 30, 104, 76, 46, 102, 6, 57, 98, 24, 96, 95, 25, 58, 14, 133, 139, 151]
[[0, 63, 144, 145, 109, 149, 4, 47, 12, 0], [0, 124, 125, 106, 73, 117, 89, 39, 75, 105, 54, 10, 5, 0], [0, 51, 101, 3, 121, 35, 85, 36, 115, 116, 28, 70, 80, 22, 32, 0], [0, 38, 62, 118, 50, 130, 9, 49, 71, 122, 123, 90, 0], [0, 81, 60, 8, 61, 7, 69, 23, 112, 48, 138, 27, 0], [0, 146, 143, 135, 141, 94, 40, 88, 64, 19, 150, 148, 87, 142, 147, 17, 0], [0, 77, 59, 20, 84, 128, 131, 83, 2, 100, 11, 0], [0, 119, 1, 120, 31, 82, 140, 26, 113, 114, 99, 43, 86, 97, 132, 68, 0], [0, 103, 108, 52, 15, 72, 33, 91, 45, 65, 93, 42, 92, 44, 107, 137, 37, 0], [0, 110, 18, 55, 134, 67, 13, 136, 41, 66, 111, 56, 0], [0, 78, 126, 16, 127, 53, 129, 29, 21, 79, 74, 34, 30, 104, 76, 0], [0, 46, 102, 6, 57, 98, 24, 96, 95, 25, 58, 14, 133, 139, 0]] [[1059.6266643029185, 1099.5003686249481], [1099.9691493842158, 1200.0], [1560.1761989414535, 1660.5529612371847], [420.41765301161064, 486.3941259169395], [486.59938779343446, 562.5173559568623], [999.9671496603241, 1084.8152894364218], [1123.9382674358594, 1199.9999999999998], [1560.4221338192754, 1664.6392753191496], [951.5984672919769, 1048.0392181557368], [1048.6781246880726, 1125.0084001941068], [1125.8987516505863, 1199.9999999999995], [1606.080492338925, 1679.126955874828]]



CMT4_141 best one:  1003.6169665590342 8 [0, 48, 112, 26, 113, 140, 82, 31, 8, 60, 81, 137, 44, 107, 65, 93, 150, 147, 138, 7, 61, 114, 99, 43, 86, 98, 132, 14, 68, 139, 37, 45, 91, 73, 117, 89, 39, 75, 105, 30, 104, 49, 18, 134, 67, 13, 55, 47, 12, 63, 92, 42, 64, 19, 94, 88, 40, 136, 41, 143, 17, 38, 62, 130, 50, 118, 21, 79, 74, 34, 9, 76, 5, 46, 102, 6, 57, 23, 69, 97, 24, 96, 58, 95, 25, 133, 110, 56, 27, 1, 120, 80, 28, 116, 70, 22, 119, 77, 144, 145, 142, 87, 148, 141, 66, 111, 135, 109, 149, 4, 146, 101, 3, 121, 115, 36, 85, 35, 84, 128, 29, 129, 53, 127, 16, 32, 51, 59, 20, 131, 83, 2, 100, 126, 11, 78, 103, 90, 10, 54, 106, 125, 33, 72, 124, 122, 71, 123, 15, 52, 108, 151]
[[0, 48, 112, 26, 113, 140, 82, 31, 8, 60, 81, 0], [0, 137, 44, 107, 65, 93, 150, 147, 0], [0, 138, 7, 61, 114, 99, 43, 86, 98, 132, 14, 68, 139, 0], [0, 37, 45, 91, 73, 117, 89, 39, 75, 105, 30, 104, 49, 0], [0, 18, 134, 67, 13, 55, 47, 12, 0], [0, 63, 92, 42, 64, 19, 94, 88, 40, 136, 41, 143, 17, 0], [0, 38, 62, 130, 50, 118, 21, 79, 74, 34, 9, 76, 5, 0], [0, 46, 102, 6, 57, 23, 69, 97, 24, 96, 58, 95, 25, 133, 110, 56, 0], [0, 27, 1, 120, 80, 28, 116, 70, 22, 119, 77, 0], [0, 144, 145, 142, 87, 148, 141, 66, 111, 135, 109, 149, 4, 146, 0], [0, 101, 3, 121, 115, 36, 85, 35, 84, 128, 29, 129, 53, 127, 16, 0], [0, 32, 51, 59, 20, 131, 83, 2, 100, 126, 11, 78, 0], [0, 103, 90, 10, 54, 106, 125, 33, 72, 124, 122, 71, 123, 15, 52, 108, 0]] [[1560.0000000000002, 1630.7413793614505], [1126.556444926245, 1199.9999999999995], [1560.8599060019217, 1662.342140639855], [1560.3715475661306, 1655.010438516227], [1138.275939053096, 1199.9999999999995], [1561.1460171638848, 1648.6410825533962], [994.037370947273, 1059.7308381631415], [1560.5327002032222, 1644.3242217217185], [1545.5648612460886, 1623.7435957787939], [1624.4257242329363, 1679.9999999999998], [1560.1290516603583, 1652.5231471376396], [1132.4452730481198, 1199.9999999999998], [1609.0950412639086, 1679.9999999999989]]


CMT4_283 
 best one:  947.6156306496481 4 [0, 61, 7, 69, 23, 98, 132, 6, 57, 112, 48, 138, 102, 46, 51, 22, 101, 3, 121, 35, 85, 36, 115, 116, 28, 70, 80, 120, 1, 44, 107, 65, 93, 88, 40, 94, 19, 64, 42, 92, 137, 147, 17, 63, 68, 133, 14, 25, 95, 67, 13, 134, 55, 18, 110, 12, 146, 4, 149, 109, 145, 144, 47, 139, 60, 8, 31, 82, 140, 26, 113, 114, 99, 43, 86, 97, 24, 96, 58, 38, 62, 9, 104, 30, 34, 74, 79, 21, 118, 50, 130, 77, 27, 81, 119, 32, 11, 126, 16, 78, 76, 49, 105, 75, 39, 89, 117, 73, 106, 54, 10, 5, 56, 143, 135, 111, 66, 136, 41, 141, 150, 148, 87, 142, 100, 2, 83, 131, 59, 20, 84, 128, 29, 129, 53, 127, 103, 90, 71, 123, 122, 124, 125, 33, 72, 91, 45, 15, 52, 37, 108, 151]
[[0, 61, 7, 69, 23, 98, 132, 6, 57, 112, 48, 138, 102, 46, 0], [0, 51, 22, 101, 3, 121, 35, 85, 36, 115, 116, 28, 70, 80, 120, 1, 0], [0, 44, 107, 65, 93, 88, 40, 94, 19, 64, 42, 92, 137, 147, 17, 63, 0], [0, 68, 133, 14, 25, 95, 67, 13, 134, 55, 18, 110, 0], [0, 12, 146, 4, 149, 109, 145, 144, 47, 139, 0], [0, 60, 8, 31, 82, 140, 26, 113, 114, 99, 43, 86, 97, 24, 96, 58, 0], [0, 38, 62, 9, 104, 30, 34, 74, 79, 21, 118, 50, 130, 0], [0, 77, 27, 81, 119, 32, 11, 126, 16, 78, 0], [0, 76, 49, 105, 75, 39, 89, 117, 73, 106, 54, 10, 5, 0], [0, 56, 143, 135, 111, 66, 136, 41, 141, 150, 148, 87, 142, 0], [0, 100, 2, 83, 131, 59, 20, 84, 128, 29, 129, 53, 127, 0], [0, 103, 90, 71, 123, 122, 124, 125, 33, 72, 91, 45, 15, 52, 37, 108, 0]] [[1109.0726083257755, 1200.0], [1560.0290958413486, 1662.4866650644303], [989.5620759172294, 1091.7505318377491], [1091.8931318991752, 1167.9038897890364], [1159.826052740319, 1199.9999999999993], [1560.3516527098745, 1676.1218027956506], [1560.4998246803013, 1624.2683780813823], [1624.3800305005882, 1676.4194262809858], [1029.9028047628462, 1128.0919120296699], [1128.2572378585337, 1199.9999999999998], [1543.9286340771, 1617.728707611263], [1619.4525335274268, 1680.0]]

CMT4_226 
CMT4_226 best one:  934.9463429122902 5 [0, 102, 132, 98, 24, 97, 69, 23, 57, 6, 46, 138, 48, 112, 7, 61, 114, 99, 43, 86, 96, 58, 14, 68, 139, 22, 70, 28, 116, 3, 59, 20, 131, 83, 2, 100, 63, 17, 147, 87, 148, 135, 143, 109, 145, 11, 78, 126, 127, 53, 129, 29, 128, 84, 35, 85, 36, 115, 121, 101, 51, 32, 146, 4, 149, 111, 13, 136, 41, 66, 141, 150, 142, 144, 16, 118, 130, 50, 21, 79, 74, 34, 30, 104, 9, 62, 38, 37, 137, 44, 92, 42, 64, 19, 94, 40, 88, 93, 65, 107, 52, 27, 81, 60, 8, 26, 113, 140, 82, 31, 80, 120, 1, 119, 77, 12, 56, 55, 134, 67, 95, 25, 133, 110, 18, 47, 108, 15, 45, 91, 72, 33, 125, 124, 122, 123, 71, 90, 103, 76, 49, 105, 75, 39, 89, 117, 73, 106, 54, 10, 5, 151]
[[0, 102, 132, 98, 24, 97, 69, 23, 57, 6, 0], [0, 46, 138, 48, 112, 7, 61, 114, 99, 43, 86, 96, 58, 14, 68, 139, 0], [0, 22, 70, 28, 116, 3, 59, 20, 131, 83, 2, 100, 0], [0, 63, 17, 147, 87, 148, 135, 143, 109, 145, 0], [0, 11, 0], [0, 78, 126, 127, 53, 129, 29, 128, 84, 35, 85, 36, 115, 121, 101, 51, 32, 0], [0, 146, 4, 149, 111, 13, 136, 41, 66, 141, 150, 142, 144, 0], [0, 16, 118, 130, 50, 21, 79, 74, 34, 30, 104, 9, 62, 38, 0], [0, 37, 137, 44, 92, 42, 64, 19, 94, 40, 88, 93, 65, 107, 52, 0], [0, 27, 81, 60, 8, 26, 113, 140, 82, 31, 80, 120, 1, 119, 77, 0], [0, 12, 56, 55, 134, 67, 95, 25, 133, 110, 18, 47, 0], [0, 108, 15, 45, 91, 72, 33, 125, 124, 122, 123, 71, 90, 103, 0], [0, 76, 49, 105, 75, 39, 89, 117, 73, 106, 54, 10, 5, 0]] [[971.5589029215975, 1043.5917608109721], [1561.2350990307584, 1662.4249245722533], [482.94300454140216, 566.9060209629961], [1007.9077637613855, 1055.1662409394835], [1560.3198648332223, 1575.6857722620439], [1566.1682771353671, 1658.623125537111], [472.1516430149698, 546.0919941062872], [546.3143528613589, 618.1590541023216], [1560.03592687227, 1653.5870818720125], [999.9957298701574, 1075.6976725604413], [1560.5437017066095, 1620.0511633572303], [1620.2764751998634, 1678.4055919168443], [1589.993318338744, 1679.9999999999995]]


CMT4_189
CMT4_189 best one:  1022.5485157832104 6 [0, 56, 34, 74, 105, 75, 39, 89, 117, 73, 106, 125, 44, 37, 9, 104, 30, 54, 10, 49, 76, 5, 68, 58, 96, 24, 97, 86, 43, 99, 114, 113, 26, 140, 51, 100, 11, 126, 128, 84, 85, 35, 59, 20, 131, 83, 101, 22, 120, 1, 32, 77, 38, 62, 130, 50, 118, 21, 79, 29, 129, 53, 127, 16, 78, 2, 3, 121, 36, 115, 116, 70, 28, 31, 82, 80, 119, 107, 65, 93, 42, 64, 88, 40, 19, 94, 41, 141, 150, 111, 92, 137, 12, 27, 138, 48, 112, 23, 69, 7, 61, 8, 60, 81, 144, 17, 145, 87, 148, 135, 109, 142, 147, 63, 47, 46, 102, 25, 95, 67, 13, 136, 66, 143, 149, 4, 146, 6, 57, 98, 132, 14, 133, 55, 134, 18, 110, 139, 103, 90, 71, 123, 122, 124, 33, 72, 91, 45, 15, 52, 108, 151]
[[0, 56, 0], [0, 34, 74, 105, 75, 39, 89, 117, 73, 106, 125, 44, 37, 0], [0, 9, 104, 30, 54, 10, 49, 76, 5, 0], [0, 68, 58, 96, 24, 97, 86, 43, 99, 114, 113, 26, 140, 51, 100, 11, 0], [0, 126, 128, 84, 85, 35, 59, 20, 131, 83, 101, 22, 120, 1, 32, 77, 0], [0, 38, 62, 130, 50, 118, 21, 79, 29, 129, 53, 127, 16, 78, 0], [0, 2, 3, 121, 36, 115, 116, 70, 28, 31, 82, 80, 119, 0], [0, 107, 65, 93, 42, 64, 88, 40, 19, 94, 41, 141, 150, 111, 92, 137, 0], [0, 12, 0], [0, 27, 138, 48, 112, 23, 69, 7, 61, 8, 60, 81, 0], [0, 144, 17, 145, 87, 148, 135, 109, 142, 147, 63, 47, 0], [0, 46, 102, 25, 95, 67, 13, 136, 66, 143, 149, 4, 146, 0], [0, 6, 57, 98, 132, 14, 133, 55, 134, 18, 110, 139, 0], [0, 103, 90, 71, 123, 122, 124, 33, 72, 91, 45, 15, 52, 108, 0]] [[1179.6721092954563, 1199.9999999999995], [1560.0258835578186, 1668.8871514676605], [1144.7384491743353, 1200.0], [1560.3074596555475, 1676.5156506502344], [972.6265891996109, 1070.4665908800985], [1137.9842252401222, 1200.0], [1560.0040488939603, 1664.2921631102595], [1560.0058987883356, 1675.7085266775248], [729.687152834382, 738.778061925291], [1553.0401783748198, 1624.9515897330225], [1625.0016793305194, 1679.676387747247], [1011.8823557649473, 1092.5638456162867], [1554.2302199795815, 1624.5342065439763], [1624.6194084789536, 1679.9999999999995]]
50 [[0, 56, 0], [0, 34, 74, 105, 75, 39, 89, 117, 73, 106, 125, 44, 37, 0], [0, 9, 104, 30, 54, 10, 49, 76, 5, 0], [0, 68, 58, 96, 24, 97, 86, 43, 99, 114, 113, 26, 140, 51, 100, 11, 0], [0, 126, 128, 84, 85, 35, 59, 20, 131, 83, 101, 22, 120, 1, 32, 77, 0], [0, 38, 62, 130, 50, 118, 21, 79, 29, 129, 53, 127, 16, 78, 0], [0, 2, 3, 121, 36, 115, 116, 70, 28, 31, 82, 80, 119, 0], [0, 107, 65, 93, 42, 64, 88, 40, 19, 94, 41, 141, 150, 111, 92, 137, 0], [0, 12, 0], [0, 27, 138, 48, 112, 23, 69, 7, 61, 8, 60, 81, 0], [0, 144, 17, 145, 87, 148, 135, 109, 142, 147, 63, 47, 0], [0, 46, 102, 25, 95, 67, 13, 136, 66, 143, 149, 4, 146, 0], [0, 6, 57, 98, 132, 14, 133, 55, 134, 18, 110, 139, 0], [0, 103, 90, 71, 123, 122, 124, 33, 72, 91, 45, 15, 52, 108, 0]]

CMT4_162
CMT4_162 best one:  990.9373404640414 7 [0, 27, 48, 112, 26, 113, 140, 8, 60, 80, 120, 1, 119, 77, 46, 111, 136, 13, 67, 134, 55, 18, 23, 69, 7, 61, 114, 99, 43, 86, 97, 58, 14, 68, 6, 57, 132, 98, 24, 96, 95, 25, 133, 110, 139, 32, 51, 22, 101, 3, 116, 70, 28, 31, 82, 81, 138, 102, 9, 34, 74, 79, 21, 29, 129, 53, 2, 100, 103, 5, 108, 137, 147, 109, 146, 12, 47, 56, 4, 149, 143, 148, 150, 42, 92, 44, 17, 145, 144, 90, 71, 123, 122, 124, 125, 33, 72, 91, 45, 15, 52, 63, 37, 107, 65, 93, 88, 40, 94, 19, 64, 41, 66, 141, 135, 87, 142, 76, 38, 62, 130, 50, 118, 127, 16, 126, 78, 128, 84, 35, 85, 36, 115, 121, 59, 20, 131, 83, 11, 10, 54, 106, 73, 117, 89, 39, 75, 105, 30, 104, 49, 151]
[[0, 27, 48, 112, 26, 113, 140, 8, 60, 80, 120, 1, 119, 77, 46, 0], [0, 111, 136, 13, 67, 134, 55, 18, 0], [0, 23, 69, 7, 61, 114, 99, 43, 86, 97, 58, 14, 68, 0], [0, 6, 57, 132, 98, 24, 96, 95, 25, 133, 110, 139, 0], [0, 32, 51, 22, 101, 3, 116, 70, 28, 31, 82, 81, 138, 102, 0], [0, 9, 34, 74, 79, 21, 29, 129, 53, 2, 100, 0], [0, 103, 5, 108, 137, 147, 109, 146, 12, 0], [0, 47, 56, 4, 149, 143, 148, 150, 42, 92, 44, 17, 145, 144, 0], [0, 90, 71, 123, 122, 124, 125, 33, 72, 91, 45, 15, 52, 63, 0], [0, 37, 107, 65, 93, 88, 40, 94, 19, 64, 41, 66, 141, 135, 87, 142, 0], [0, 76, 38, 62, 130, 50, 118, 127, 16, 126, 78, 0], [0, 128, 84, 35, 85, 36, 115, 121, 59, 20, 131, 83, 11, 0], [0, 10, 54, 106, 73, 117, 89, 39, 75, 105, 30, 104, 49, 0]] [[1562.8659790308036, 1636.4358866935156], [1127.7378590113785, 1200.0], [1560.1206779484003, 1660.9131847184335], [965.5121662653428, 1043.8467199735728], [1561.0349999751452, 1652.6211288085258], [1560.323489656458, 1625.7294836448182], [1625.7758841479654, 1669.363821524565], [1557.9442852321274, 1619.3279554029184], [1619.3932587465263, 1680.0], [1040.8454615117168, 1148.4847662420123], [1149.3983751837077, 1200.0000000000002], [1560.152836023855, 1653.7807558948923], [1588.4610897057858, 1680.0]]
54 [[0, 27, 48, 112, 26, 113, 140, 8, 60, 80, 120, 1, 119, 77, 46, 0], [0, 111, 136, 13, 67, 134, 5



CMT4_141 best one:  1003.6169665590342 8 [0, 48, 112, 26, 113, 140, 82, 31, 8, 60, 81, 137, 44, 107, 65, 93, 150, 147, 138, 7, 61, 114, 99, 43, 86, 98, 132, 14, 68, 139, 37, 45, 91, 73, 117, 89, 39, 75, 105, 30, 104, 49, 18, 134, 67, 13, 55, 47, 12, 63, 92, 42, 64, 19, 94, 88, 40, 136, 41, 143, 17, 38, 62, 130, 50, 118, 21, 79, 74, 34, 9, 76, 5, 46, 102, 6, 57, 23, 69, 97, 24, 96, 58, 95, 25, 133, 110, 56, 27, 1, 120, 80, 28, 116, 70, 22, 119, 77, 144, 145, 142, 87, 148, 141, 66, 111, 135, 109, 149, 4, 146, 101, 3, 121, 115, 36, 85, 35, 84, 128, 29, 129, 53, 127, 16, 32, 51, 59, 20, 131, 83, 2, 100, 126, 11, 78, 103, 90, 10, 54, 106, 125, 33, 72, 124, 122, 71, 123, 15, 52, 108, 151]
[[0, 48, 112, 26, 113, 140, 82, 31, 8, 60, 81, 0], [0, 137, 44, 107, 65, 93, 150, 147, 0], [0, 138, 7, 61, 114, 99, 43, 86, 98, 132, 14, 68, 139, 0], [0, 37, 45, 91, 73, 117, 89, 39, 75, 105, 30, 104, 49, 0], [0, 18, 134, 67, 13, 55, 47, 12, 0], [0, 63, 92, 42, 64, 19, 94, 88, 40, 136, 41, 143, 17, 0], [0, 38, 62, 130, 50, 118, 21, 79, 74, 34, 9, 76, 5, 0], [0, 46, 102, 6, 57, 23, 69, 97, 24, 96, 58, 95, 25, 133, 110, 56, 0], [0, 27, 1, 120, 80, 28, 116, 70, 22, 119, 77, 0], [0, 144, 145, 142, 87, 148, 141, 66, 111, 135, 109, 149, 4, 146, 0], [0, 101, 3, 121, 115, 36, 85, 35, 84, 128, 29, 129, 53, 127, 16, 0], [0, 32, 51, 59, 20, 131, 83, 2, 100, 126, 11, 78, 0], [0, 103, 90, 10, 54, 106, 125, 33, 72, 124, 122, 71, 123, 15, 52, 108, 0]] [[1560.0000000000002, 1630.7413793614505], [1126.556444926245, 1199.9999999999995], [1560.8599060019217, 1662.342140639855], [1560.3715475661306, 1655.010438516227], [1138.275939053096, 1199.9999999999995], [1561.1460171638848, 1648.6410825533962], [994.037370947273, 1059.7308381631415], [1560.5327002032222, 1644.3242217217185], [1545.5648612460886, 1623.7435957787939], [1624.4257242329363, 1679.9999999999998], [1560.1290516603583, 1652.5231471376396], [1132.4452730481198, 1199.9999999999998], [1609.0950412639086, 1679.9999999999989]]
