CMT11_365
CMT11_365 best one:  951.5404965044916 3 [0, 53, 55, 58, 56, 60, 63, 66, 64, 62, 61, 65, 59, 57, 54, 52, 89, 91, 90, 114, 18, 118, 108, 8, 12, 13, 14, 15, 11, 9, 7, 82, 95, 37, 38, 39, 42, 41, 44, 46, 47, 49, 50, 51, 48, 45, 43, 40, 17, 16, 19, 25, 22, 24, 27, 33, 30, 31, 34, 36, 29, 35, 32, 28, 26, 23, 20, 21, 109, 111, 86, 85, 112, 84, 113, 6, 5, 10, 4, 3, 1, 2, 83, 117, 81, 119, 120, 102, 105, 106, 107, 103, 104, 101, 99, 100, 116, 110, 115, 97, 94, 96, 93, 92, 87, 88, 67, 69, 70, 71, 74, 75, 72, 78, 80, 79, 77, 76, 73, 68, 98, 121]
[[0, 53, 55, 58, 56, 60, 63, 66, 64, 62, 61, 65, 59, 57, 54, 52, 0], [0, 89, 91, 90, 114, 18, 118, 108, 8, 12, 13, 14, 15, 11, 9, 7, 82, 0], [0, 95, 37, 38, 39, 42, 41, 44, 46, 47, 49, 50, 51, 48, 45, 43, 40, 0], [0, 17, 16, 19, 25, 22, 24, 27, 33, 30, 31, 34, 36, 29, 35, 32, 28, 26, 23, 20, 21, 109, 0], [0, 111, 86, 85, 112, 84, 113, 6, 5, 10, 4, 3, 1, 2, 83, 117, 81, 119, 120, 0], [0, 102, 105, 106, 107, 103, 104, 101, 99, 100, 116, 110, 115, 97, 94, 96, 93, 92, 87, 88, 0], [0, 67, 69, 70, 71, 74, 75, 72, 78, 80, 79, 77, 76, 73, 68, 98, 0]] [[1005.7931492619982, 1200.0], [1560.731173729587, 1660.6482154145856], [430.2076512856689, 611.685767532022], [943.2216212293645, 1132.2612934090625], [1560.0564383466576, 1663.5079716538326], [1016.0862344043487, 1077.4605118584523], [1557.9269951058386, 1680.0]]


CMT11_219
CMT11_219 best one:  1022.9999431844644 5 [0, 52, 54, 57, 59, 65, 61, 62, 64, 66, 63, 60, 56, 58, 55, 53, 67, 69, 70, 71, 75, 72, 74, 73, 76, 77, 78, 80, 79, 68, 98, 119, 82, 111, 112, 84, 8, 12, 16, 19, 17, 20, 21, 108, 118, 18, 85, 86, 120, 87, 89, 92, 105, 106, 107, 104, 103, 100, 116, 110, 115, 97, 99, 101, 102, 91, 90, 114, 23, 25, 22, 24, 27, 33, 30, 31, 28, 32, 35, 34, 36, 29, 26, 109, 94, 93, 96, 95, 37, 38, 39, 42, 41, 44, 46, 47, 49, 50, 51, 48, 45, 43, 40, 88, 117, 113, 83, 6, 7, 9, 13, 14, 15, 11, 10, 5, 4, 3, 1, 2, 81, 121]
[[0, 52, 54, 57, 59, 65, 61, 62, 64, 66, 63, 60, 56, 58, 55, 53, 0], [0, 67, 69, 70, 71, 75, 72, 74, 73, 76, 77, 78, 80, 79, 68, 98, 0], [0, 119, 82, 111, 112, 84, 8, 12, 16, 19, 17, 20, 21, 108, 118, 18, 85, 86, 0], [0, 120, 87, 89, 92, 105, 106, 107, 104, 103, 100, 116, 110, 115, 97, 99, 101, 102, 0], [0, 91, 90, 114, 23, 25, 22, 24, 27, 33, 30, 31, 28, 32, 35, 34, 36, 29, 26, 109, 94, 93, 96, 0], [0, 95, 37, 38, 39, 42, 41, 44, 46, 47, 49, 50, 51, 48, 45, 43, 40, 0], [0, 88, 117, 113, 83, 6, 7, 9, 13, 14, 15, 11, 10, 5, 4, 3, 1, 2, 81, 0]] [[918.4502825549389, 1112.6571332929407], [1552.7664151079207, 1678.5049335839765], [1017.2171244045601, 1178.6706367636625], [1560.3170078976004, 1630.6026056676326], [942.4732554387057, 1130.6577543345436], [989.8842273662617, 1171.3623436126147], [1578.3471513009185, 1679.9999999999995]]


CMT11_573
CMT11_573 best one:  1000.2412342304947 5 [0, 93, 39, 38, 37, 41, 42, 44, 47, 46, 49, 50, 51, 48, 45, 43, 40, 104, 103, 73, 76, 77, 78, 80, 79, 68, 98, 110, 115, 97, 94, 92, 87, 95, 102, 101, 99, 100, 116, 67, 71, 74, 72, 75, 70, 69, 107, 105, 120, 111, 86, 5, 15, 14, 13, 12, 8, 109, 108, 114, 18, 90, 91, 89, 52, 54, 57, 59, 65, 61, 62, 64, 66, 63, 60, 56, 58, 55, 53, 106, 118, 17, 16, 19, 25, 22, 24, 27, 33, 30, 31, 34, 36, 29, 35, 32, 28, 26, 23, 20, 21, 96, 119, 81, 2, 1, 3, 4, 10, 11, 9, 7, 6, 83, 113, 117, 84, 112, 85, 82, 88, 121]
[[0, 93, 39, 38, 37, 41, 42, 44, 47, 46, 49, 50, 51, 48, 45, 43, 40, 0], [0, 104, 103, 73, 76, 77, 78, 80, 79, 68, 98, 110, 115, 97, 94, 92, 87, 0], [0, 95, 102, 101, 99, 100, 116, 67, 71, 74, 72, 75, 70, 69, 107, 105, 120, 0], [0, 111, 86, 5, 15, 14, 13, 12, 8, 109, 108, 114, 18, 90, 91, 89, 0], [0, 52, 54, 57, 59, 65, 61, 62, 64, 66, 63, 60, 56, 58, 55, 53, 106, 0], [0, 118, 17, 16, 19, 25, 22, 24, 27, 33, 30, 31, 34, 36, 29, 35, 32, 28, 26, 23, 20, 21, 96, 0], [0, 119, 81, 2, 1, 3, 4, 10, 11, 9, 7, 6, 83, 113, 117, 84, 112, 85, 82, 88, 0]] [[990.7345993432738, 1174.402945354591], [1560.0522023002065, 1675.9971152330645], [1560.1876439325833, 1671.8932560434216], [1560.4033294260562, 1667.2212676662914], [942.942317947665, 1137.753885461931], [1004.9900395802563, 1194.716919726507], [1582.4340227252703, 1679.9999999999995]]

CMT11_229 
CMT11_229 best one:  929.3670269153574 5 [0, 21, 20, 23, 26, 28, 32, 35, 29, 36, 34, 31, 30, 33, 27, 24, 22, 25, 19, 16, 17, 108, 53, 55, 58, 56, 60, 63, 66, 64, 62, 61, 65, 59, 57, 54, 52, 110, 8, 12, 13, 14, 15, 11, 10, 9, 7, 6, 5, 4, 3, 1, 2, 88, 67, 69, 70, 71, 74, 75, 72, 78, 80, 79, 77, 76, 73, 68, 98, 119, 81, 112, 84, 117, 113, 83, 118, 18, 114, 109, 115, 97, 94, 92, 87, 95, 39, 38, 37, 41, 42, 44, 46, 47, 49, 50, 51, 48, 43, 45, 40, 120, 105, 106, 107, 104, 103, 116, 100, 99, 101, 102, 96, 93, 90, 91, 89, 85, 86, 111, 82, 121]
[[0, 21, 20, 23, 26, 28, 32, 35, 29, 36, 34, 31, 30, 33, 27, 24, 22, 25, 19, 16, 17, 108, 0], [0, 53, 55, 58, 56, 60, 63, 66, 64, 62, 61, 65, 59, 57, 54, 52, 110, 0], [0, 8, 12, 13, 14, 15, 11, 10, 9, 7, 6, 5, 4, 3, 1, 2, 88, 0], [0, 67, 69, 70, 71, 74, 75, 72, 78, 80, 79, 77, 76, 73, 68, 98, 0], [0, 119, 81, 112, 84, 117, 113, 83, 118, 18, 114, 109, 115, 97, 94, 92, 87, 0], [0, 95, 39, 38, 37, 41, 42, 44, 46, 47, 49, 50, 51, 48, 43, 45, 40, 0], [0, 120, 105, 106, 107, 104, 103, 116, 100, 99, 101, 102, 96, 93, 90, 91, 89, 85, 86, 111, 82, 0]] [[912.6570673674396, 1101.3488966278017], [948.6232433199065, 1143.3394662855378], [1560.0839033151456, 1672.553803024319], [1557.9269951058386, 1680.0], [1560.0, 1624.8610490260414], [1009.9342285775799, 1197.669603846214], [1620.922282800767, 1679.7419285921208]]

CMT11_272

CMT11_272 best one:  943.4964015145948 4 [0, 17, 16, 19, 25, 22, 24, 27, 33, 30, 31, 34, 36, 29, 35, 32, 28, 26, 23, 20, 21, 109, 95, 96, 94, 97, 115, 98, 116, 100, 99, 101, 102, 104, 107, 106, 105, 120, 103, 73, 76, 68, 77, 79, 80, 78, 72, 75, 74, 71, 70, 69, 67, 82, 81, 119, 6, 7, 9, 8, 12, 13, 14, 15, 11, 10, 5, 4, 3, 1, 2, 88, 86, 111, 85, 112, 117, 83, 113, 84, 18, 118, 108, 114, 90, 91, 89, 92, 87, 40, 43, 45, 48, 51, 50, 49, 46, 47, 44, 41, 42, 39, 38, 37, 93, 110, 52, 54, 57, 59, 65, 61, 62, 64, 66, 63, 60, 56, 58, 55, 53, 121]
[[0, 17, 16, 19, 25, 22, 24, 27, 33, 30, 31, 34, 36, 29, 35, 32, 28, 26, 23, 20, 21, 109, 0], [0, 95, 96, 94, 97, 115, 98, 116, 100, 99, 101, 102, 104, 107, 106, 105, 120, 0], [0, 103, 73, 76, 68, 77, 79, 80, 78, 72, 75, 74, 71, 70, 69, 67, 0], [0, 82, 81, 119, 0], [0, 6, 7, 9, 8, 12, 13, 14, 15, 11, 10, 5, 4, 3, 1, 2, 88, 0], [0, 86, 111, 85, 112, 117, 83, 113, 84, 18, 118, 108, 114, 90, 91, 89, 92, 87, 0], [0, 40, 43, 45, 48, 51, 50, 49, 46, 47, 44, 41, 42, 39, 38, 37, 93, 0], [0, 110, 52, 54, 57, 59, 65, 61, 62, 64, 66, 63, 60, 56, 58, 55, 53, 0]] [[943.5949449452509, 1132.6346171249488], [1560.3177915400342, 1621.5407835882138], [1559.485863654123, 1680.0], [937.6671585400215, 959.614554561595], [960.2086121348175, 1084.6945881646616], [1560.3377638367092, 1610.426171981489], [375.2675780682584, 556.7491758472703], [562.7558650291403, 757.4720879947718]]


CMT11_287 
 best one:  936.4494286525677 4 [0, 17, 16, 19, 25, 22, 24, 27, 33, 30, 31, 34, 36, 29, 35, 32, 28, 26, 23, 20, 21, 109, 95, 96, 94, 97, 115, 98, 116, 100, 99, 101, 102, 104, 107, 106, 105, 120, 103, 73, 76, 68, 77, 79, 80, 78, 72, 75, 74, 71, 70, 69, 67, 53, 55, 58, 56, 60, 63, 66, 64, 62, 61, 65, 59, 57, 54, 52, 110, 82, 81, 119, 6, 7, 9, 8, 12, 13, 14, 15, 11, 10, 5, 4, 3, 1, 2, 88, 111, 86, 85, 112, 117, 83, 113, 84, 18, 118, 108, 114, 90, 91, 89, 92, 87, 40, 43, 45, 48, 51, 50, 49, 46, 47, 44, 41, 42, 39, 38, 37, 93, 121]
[[0, 17, 16, 19, 25, 22, 24, 27, 33, 30, 31, 34, 36, 29, 35, 32, 28, 26, 23, 20, 21, 109, 0], [0, 95, 96, 94, 97, 115, 98, 116, 100, 99, 101, 102, 104, 107, 106, 105, 120, 0], [0, 103, 73, 76, 68, 77, 79, 80, 78, 72, 75, 74, 71, 70, 69, 67, 0], [0, 53, 55, 58, 56, 60, 63, 66, 64, 62, 61, 65, 59, 57, 54, 52, 110, 0], [0, 82, 81, 119, 0], [0, 6, 7, 9, 8, 12, 13, 14, 15, 11, 10, 5, 4, 3, 1, 2, 88, 0], [0, 111, 86, 85, 112, 117, 83, 113, 84, 18, 118, 108, 114, 90, 91, 89, 92, 87, 0], [0, 40, 43, 45, 48, 51, 50, 49, 46, 47, 44, 41, 42, 39, 38, 37, 93, 0]] [[944.1523384718338, 1133.1920106515317], [1560.3177915400342, 1621.5407835882138], [1559.485863654123, 1680.0], [947.9407465888249, 1142.656969554456], [1178.0526039784265, 1200.0], [1560.0633633187417, 1674.1755080127662], [946.2763623467308, 999.6916289653038], [1018.5184022209885, 1200.0]]



CMT11_382
CMT11_382 best one:  1027.768402314607 3 [0, 52, 54, 57, 59, 65, 61, 62, 64, 66, 63, 60, 56, 58, 55, 53, 111, 86, 87, 92, 89, 90, 97, 94, 93, 96, 95, 102, 101, 106, 105, 120, 85, 84, 118, 108, 8, 17, 20, 26, 29, 44, 41, 38, 37, 109, 114, 18, 91, 21, 23, 28, 32, 35, 36, 34, 31, 30, 33, 27, 24, 22, 25, 19, 16, 12, 9, 7, 6, 113, 112, 104, 73, 76, 68, 77, 79, 80, 78, 72, 75, 74, 71, 70, 69, 67, 107, 103, 98, 40, 43, 45, 48, 51, 50, 49, 46, 47, 42, 39, 115, 110, 116, 100, 99, 88, 117, 83, 5, 10, 13, 14, 15, 11, 4, 3, 1, 2, 81, 119, 82, 121]
[[0, 52, 54, 57, 59, 65, 61, 62, 64, 66, 63, 60, 56, 58, 55, 53, 0], [0, 111, 86, 87, 92, 89, 90, 97, 94, 93, 96, 95, 102, 101, 106, 105, 120, 0], [0, 85, 84, 118, 108, 8, 17, 20, 26, 29, 44, 41, 38, 37, 109, 114, 18, 0], [0, 91, 21, 23, 28, 32, 35, 36, 34, 31, 30, 33, 27, 24, 22, 25, 19, 16, 12, 9, 7, 6, 113, 112, 0], [0, 104, 73, 76, 68, 77, 79, 80, 78, 72, 75, 74, 71, 70, 69, 67, 107, 0], [0, 103, 98, 40, 43, 45, 48, 51, 50, 49, 46, 47, 42, 39, 115, 110, 116, 100, 99, 0], [0, 88, 117, 83, 5, 10, 13, 14, 15, 11, 4, 3, 1, 2, 81, 119, 82, 0]] [[1005.7931492619982, 1200.0], [1560.9398591073648, 1611.0164057998486], [396.8900575941093, 592.4187562494739], [922.8434102418067, 1103.2920136374084], [1559.480327520827, 1679.9999999999993], [1011.0001953798928, 1193.135151311984], [1575.1469255781083, 1679.9999999999998]]

CMT11_287
CMT11_287 best one:  1064.5422162024613 4 [0, 17, 19, 25, 28, 31, 30, 33, 27, 24, 22, 16, 12, 8, 13, 14, 9, 109, 21, 20, 23, 26, 32, 35, 34, 36, 29, 49, 50, 51, 48, 47, 46, 44, 41, 38, 37, 120, 107, 67, 69, 70, 71, 74, 75, 72, 78, 77, 116, 99, 101, 108, 7, 6, 5, 10, 11, 15, 4, 3, 1, 2, 83, 113, 117, 81, 100, 98, 52, 53, 55, 58, 56, 60, 63, 66, 64, 62, 61, 65, 59, 110, 105, 106, 104, 103, 73, 76, 68, 79, 80, 54, 57, 40, 43, 45, 42, 39, 115, 97, 102, 95, 96, 93, 94, 114, 118, 18, 90, 91, 92, 89, 85, 84, 112, 86, 87, 111, 88, 82, 119, 121]
[[0, 17, 19, 25, 28, 31, 30, 33, 27, 24, 22, 16, 12, 8, 13, 14, 9, 0], [0, 109, 21, 20, 23, 26, 32, 35, 34, 36, 29, 49, 50, 51, 48, 47, 46, 44, 41, 38, 37, 0], [0, 120, 107, 67, 69, 70, 71, 74, 75, 72, 78, 77, 116, 99, 101, 0], [0, 108, 7, 6, 5, 10, 11, 15, 4, 3, 1, 2, 83, 113, 117, 81, 0], [0, 100, 98, 52, 53, 55, 58, 56, 60, 63, 66, 64, 62, 61, 65, 59, 110, 0], [0, 105, 106, 104, 103, 73, 76, 68, 79, 80, 54, 57, 40, 43, 45, 42, 39, 115, 97, 102, 0], [0, 95, 96, 93, 94, 114, 118, 18, 90, 91, 92, 89, 85, 84, 112, 86, 87, 111, 88, 0], [0, 82, 119, 0]] [[959.2972676063706, 1135.377777073959], [983.9313052467945, 1199.9999999999998], [1561.1840164739433, 1676.0088241828605], [1560.051841387807, 1660.1763754686438], [403.4832616861622, 596.2372873596279], [761.2604774057419, 964.7842427722844], [1618.821543745082, 1665.7615330537662], [1665.7741101567785, 1680.0]]


CMT11_229 best one:  1005.2218448903695 5 [0, 21, 26, 23, 28, 32, 35, 29, 36, 34, 31, 30, 33, 27, 24, 22, 25, 19, 16, 17, 20, 108, 56, 60, 63, 66, 64, 62, 61, 65, 59, 57, 54, 58, 55, 53, 52, 110, 8, 12, 13, 14, 15, 11, 10, 9, 7, 6, 5, 4, 3, 1, 2, 88, 120, 79, 80, 78, 72, 75, 74, 71, 73, 76, 77, 68, 98, 116, 102, 119, 81, 117, 83, 113, 84, 112, 85, 89, 114, 18, 118, 109, 115, 97, 111, 86, 82, 105, 106, 107, 104, 103, 69, 70, 67, 100, 99, 101, 93, 96, 94, 90, 91, 92, 87, 95, 39, 38, 37, 41, 42, 44, 46, 47, 49, 50, 51, 48, 45, 43, 40, 121]
[[0, 21, 26, 23, 28, 32, 35, 29, 36, 34, 31, 30, 33, 27, 24, 22, 25, 19, 16, 17, 20, 108, 0], [0, 56, 60, 63, 66, 64, 62, 61, 65, 59, 57, 54, 58, 55, 53, 52, 110, 0], [0, 8, 12, 13, 14, 15, 11, 10, 9, 7, 6, 5, 4, 3, 1, 2, 88, 0], [0, 120, 79, 80, 78, 72, 75, 74, 71, 73, 76, 77, 68, 98, 116, 102, 0], [0, 119, 81, 117, 83, 113, 84, 112, 85, 89, 114, 18, 118, 109, 115, 97, 111, 86, 82, 0], [0, 105, 106, 107, 104, 103, 69, 70, 67, 100, 99, 101, 93, 96, 94, 90, 91, 92, 87, 0], [0, 95, 39, 38, 37, 41, 42, 44, 46, 47, 49, 50, 51, 48, 45, 43, 40, 0]] [[996.7099954348485, 1188.3063277426447], [998.7389422586914, 1199.9999999999998], [1560.0343934908083, 1672.5042931999817], [1549.3213108258567, 1680.0], [1116.2480562184246, 1199.9999999999998], [1560.187603782159, 1662.0495701338045], [1015.8226345518269, 1199.4245903765543]]

CMT11_272 best one:  1001.2765322401796 4 [0, 17, 16, 19, 25, 22, 24, 27, 33, 30, 31, 34, 36, 29, 35, 32, 28, 26, 23, 20, 21, 109, 82, 2, 1, 3, 4, 5, 10, 11, 15, 14, 13, 9, 7, 6, 105, 106, 107, 104, 99, 100, 116, 98, 115, 97, 94, 67, 69, 70, 71, 74, 75, 72, 78, 80, 79, 77, 68, 76, 73, 103, 95, 39, 38, 37, 41, 42, 44, 47, 46, 49, 50, 51, 48, 45, 43, 40, 91, 90, 18, 118, 12, 8, 108, 114, 93, 96, 101, 102, 120, 119, 81, 117, 83, 113, 84, 112, 85, 89, 92, 87, 86, 111, 88, 110, 52, 54, 57, 59, 65, 61, 62, 64, 66, 63, 60, 56, 58, 55, 53, 121]
[[0, 17, 16, 19, 25, 22, 24, 27, 33, 30, 31, 34, 36, 29, 35, 32, 28, 26, 23, 20, 21, 109, 0], [0, 82, 2, 1, 3, 4, 5, 10, 11, 15, 14, 13, 9, 7, 6, 0], [0, 105, 106, 107, 104, 99, 100, 116, 98, 115, 97, 94, 0], [0, 67, 69, 70, 71, 74, 75, 72, 78, 80, 79, 77, 68, 76, 73, 103, 0], [0, 95, 39, 38, 37, 41, 42, 44, 47, 46, 49, 50, 51, 48, 45, 43, 40, 0], [0, 91, 90, 18, 118, 12, 8, 108, 114, 93, 96, 101, 102, 0], [0, 120, 119, 81, 117, 83, 113, 84, 112, 85, 89, 92, 87, 86, 111, 88, 0], [0, 110, 52, 54, 57, 59, 65, 61, 62, 64, 66, 63, 60, 56, 58, 55, 53, 0]] [[939.5271367293939, 1128.5668089090918], [1036.7230319421515, 1146.9339467288924], [1147.860523638178, 1200.0], [1559.228444028774, 1679.8283869164338], [1016.3980441752728, 1200.0], [1560.1011544747648, 1656.6286277564122], [491.860651830862, 546.3015257831145], [769.6794700204989, 964.3956929861304]]
83 [[0, 17, 16,

CMT12_861 best one:  734.672086572554 1 [0, 91, 89, 88, 85, 84, 82, 83, 86, 87, 90, 75, 1, 2, 4, 6, 9, 11, 8, 7, 3, 5, 43, 42, 41, 40, 44, 46, 45, 48, 51, 50, 52, 49, 47, 34, 36, 39, 38, 37, 35, 31, 33, 32, 57, 59, 60, 58, 56, 53, 54, 55, 20, 24, 25, 27, 29, 30, 28, 26, 23, 22, 21, 10, 12, 14, 16, 15, 19, 18, 17, 13, 99, 100, 97, 93, 92, 94, 95, 96, 98, 67, 65, 63, 74, 62, 66, 69, 68, 64, 61, 72, 80, 79, 77, 73, 70, 71, 76, 78, 81, 101]
[[0, 91, 89, 88, 85, 84, 82, 83, 86, 87, 90, 0], [0, 75, 1, 2, 4, 6, 9, 11, 8, 7, 3, 5, 0], [0, 43, 42, 41, 40, 44, 46, 45, 48, 51, 50, 52, 49, 47, 0], [0, 34, 36, 39, 38, 37, 35, 31, 33, 32, 0], [0, 57, 59, 60, 58, 56, 53, 54, 55, 0], [0, 20, 24, 25, 27, 29, 30, 28, 26, 23, 22, 21, 0], [0, 10, 12, 14, 16, 15, 19, 18, 17, 13, 0], [0, 99, 100, 97, 93, 92, 94, 95, 96, 98, 0], [0, 67, 65, 63, 74, 62, 66, 0], [0, 69, 68, 64, 61, 72, 80, 79, 77, 73, 70, 71, 76, 78, 81, 0]] [[553.6935609171583, 622.8477112106928], [623.5138681119755, 674.5818716818028], [679.6202737920415, 738.5361596983879], [750.5433142747681, 838.9316440793746], [841.0592611169886, 933.6797771187715], [937.0839133544937, 983.2689954478114], [984.0917000895323, 1071.400617152553], [1071.5712366371079, 1158.792264475342], [1160.372315574703, 1199.999999999999], [1565.7513272068277, 1679.9338167834158]]

CMT12_430 best one:  733.7638434332938 2 [0, 91, 89, 88, 85, 84, 82, 83, 86, 87, 90, 80, 79, 77, 73, 70, 71, 76, 78, 81, 21, 22, 23, 26, 28, 30, 29, 27, 25, 24, 20, 99, 100, 97, 93, 92, 94, 95, 96, 98, 67, 65, 63, 62, 74, 72, 61, 64, 68, 66, 69, 59, 60, 58, 56, 53, 54, 55, 57, 32, 33, 31, 35, 37, 38, 39, 36, 34, 10, 13, 15, 12, 14, 16, 19, 18, 17, 75, 1, 2, 4, 6, 9, 11, 8, 7, 3, 5, 47, 49, 52, 50, 51, 48, 45, 46, 44, 40, 41, 42, 43, 101]
[[0, 91, 89, 88, 85, 84, 82, 83, 86, 87, 90, 0], [0, 80, 79, 77, 73, 70, 71, 76, 78, 81, 0], [0, 21, 22, 23, 26, 28, 30, 29, 27, 25, 24, 20, 0], [0, 99, 100, 97, 93, 92, 94, 95, 96, 98, 0], [0, 67, 65, 63, 62, 74, 72, 61, 64, 68, 66, 69, 0], [0, 59, 60, 58, 56, 53, 54, 55, 57, 0], [0, 32, 33, 31, 35, 37, 38, 39, 36, 34, 0], [0, 10, 13, 15, 12, 14, 16, 19, 18, 17, 0], [0, 75, 1, 2, 4, 6, 9, 11, 8, 7, 3, 5, 0], [0, 47, 49, 52, 50, 51, 48, 45, 46, 44, 40, 41, 42, 43, 0]] [[1014.4878604405196, 1083.642010734054], [1084.2750178049137, 1200.0], [1556.0762766300818, 1599.7205096722628], [1600.0473911482843, 1679.9999999999998], [532.0924871922832, 586.0953133047467], [926.8839865807854, 1019.5045025825682], [1021.4492049439398, 1109.8375347485457], [1110.0962695966157, 1199.55390137538], [1578.7305705003957, 1625.5429071060707], [1625.993771252515, 1679.9999999999995]]


CMT12_287 best one:  724.4999974910984 3 [0, 34, 36, 39, 38, 37, 35, 31, 33, 32, 21, 22, 23, 26, 28, 30, 29, 27, 25, 24, 20, 84, 83, 82, 81, 78, 76, 71, 70, 73, 77, 79, 80, 47, 49, 52, 50, 51, 48, 45, 46, 44, 40, 41, 42, 43, 91, 89, 88, 85, 86, 87, 90, 11, 12, 14, 16, 15, 19, 18, 17, 13, 75, 1, 2, 4, 3, 5, 7, 6, 9, 8, 10, 69, 66, 68, 64, 61, 72, 74, 62, 63, 65, 67, 55, 54, 53, 56, 58, 60, 59, 57, 98, 96, 95, 94, 92, 93, 97, 100, 99, 101]
[[0, 34, 36, 39, 38, 37, 35, 31, 33, 32, 0], [0, 21, 22, 23, 26, 28, 30, 29, 27, 25, 24, 20, 0], [0, 84, 83, 82, 81, 78, 76, 71, 70, 73, 77, 79, 80, 0], [0, 47, 49, 52, 50, 51, 48, 45, 46, 44, 40, 41, 42, 43, 0], [0, 91, 89, 88, 85, 86, 87, 90, 0], [0, 11, 12, 14, 16, 15, 19, 18, 17, 13, 0], [0, 75, 1, 2, 4, 3, 5, 7, 6, 9, 8, 10, 0], [0, 69, 66, 68, 64, 61, 72, 74, 62, 63, 65, 67, 0], [0, 55, 54, 53, 56, 58, 60, 59, 57, 0], [0, 98, 96, 95, 94, 92, 93, 97, 100, 99, 0]] [[1065.3099277595727, 1153.6982575641787], [1153.8149179066827, 1200.0], [1560.4368997840859, 1677.0018130799622], [1560.6169755427734, 1614.623204290258], [1615.6302946584117, 1668.7930872504373], [476.2241547427421, 563.7884170791058], [999.8406537154729, 1051.893091370936], [1052.932912510624, 1106.9357386230877], [1107.3794839982172, 1199.9999999999998], [1600.047391148284, 1679.9999999999995]]

CMT12_301  best one:  722.8592399131949 3 [0, 75, 1, 2, 4, 6, 9, 11, 8, 7, 3, 5, 69, 66, 68, 64, 61, 72, 74, 62, 63, 65, 32, 33, 31, 35, 37, 38, 39, 36, 34, 43, 42, 41, 40, 44, 46, 45, 48, 51, 50, 52, 49, 47, 67, 80, 79, 77, 73, 70, 71, 76, 78, 81, 82, 83, 86, 55, 54, 53, 56, 58, 60, 59, 57, 99, 100, 97, 93, 92, 94, 95, 96, 98, 91, 89, 88, 85, 84, 87, 90, 20, 24, 25, 27, 29, 30, 28, 26, 23, 22, 21, 13, 17, 18, 19, 15, 16, 14, 12, 10, 101]
[[0, 75, 1, 2, 4, 6, 9, 11, 8, 7, 3, 5, 0], [0, 69, 66, 68, 64, 61, 72, 74, 62, 63, 65, 0], [0, 32, 33, 31, 35, 37, 38, 39, 36, 34, 0], [0, 43, 42, 41, 40, 44, 46, 45, 48, 51, 50, 52, 49, 47, 0], [0, 67, 80, 79, 77, 73, 70, 71, 76, 78, 81, 82, 83, 86, 0], [0, 55, 54, 53, 56, 58, 60, 59, 57, 0], [0, 99, 100, 97, 93, 92, 94, 95, 96, 98, 0], [0, 91, 89, 88, 85, 84, 87, 90, 0], [0, 20, 24, 25, 27, 29, 30, 28, 26, 23, 22, 21, 0], [0, 13, 17, 18, 19, 15, 16, 14, 12, 10, 0]] [[1560.0, 1606.812336605675], [1607.8485684040738, 1657.0175697231093], [1051.8397046676005, 1140.2280344722064], [1140.2644248055697, 1199.1803107119158], [1560.4592961613387, 1676.5277971773755], [469.0766755377873, 561.6971915395702], [1052.379314256603, 1139.6003420948373], [1139.9367587973748, 1200.0], [1556.3072970233736, 1599.8745232677907], [1599.9668260255642, 1680.0]]
328 [[0, 75, 1, 2, 4, 6, 9, 11, 8, 7, 3, 5, 0], [0, 69, 66, 68, 64, 61, 72, 74, 62, 63, 65, 0], [0, 32, 33, 31, 35, 37, 38, 39, 36, 34, 0], [0, 43, 42, 41, 40, 44, 46, 45, 48, 51, 50, 52, 49, 47, 0], [0, 67, 80, 79, 77, 73, 70, 71, 76, 78, 81, 82, 83, 86, 0], [0, 55, 54, 53, 56, 58, 60, 59, 57, 0], [0, 99, 100, 97, 93, 92, 94, 95, 96, 98, 0], [0, 91, 89, 88, 85, 84, 87, 90, 0], [0, 20, 24, 25, 27, 29, 30, 28, 26, 23, 22, 21, 0], [0, 13, 17, 18, 19, 15, 16, 14, 12, 10, 0]]



CMT12_225 best one:  707.9219265296592 4 [0, 91, 89, 88, 85, 84, 82, 83, 86, 87, 90, 13, 17, 18, 19, 15, 16, 14, 12, 11, 20, 24, 25, 27, 29, 30, 28, 26, 23, 22, 21, 66, 62, 74, 63, 65, 67, 32, 33, 31, 35, 37, 38, 39, 36, 34, 47, 49, 52, 50, 51, 48, 45, 46, 44, 40, 41, 42, 43, 10, 8, 9, 6, 4, 2, 1, 75, 5, 3, 7, 81, 78, 76, 71, 70, 73, 77, 79, 80, 72, 61, 64, 68, 69, 99, 100, 97, 93, 92, 94, 95, 96, 98, 59, 60, 58, 56, 53, 54, 55, 57, 101]
[[0, 91, 89, 88, 85, 84, 82, 83, 86, 87, 90, 0], [0, 13, 17, 18, 19, 15, 16, 14, 12, 11, 0], [0, 20, 24, 25, 27, 29, 30, 28, 26, 23, 22, 21, 0], [0, 66, 62, 74, 63, 65, 67, 0], [0, 32, 33, 31, 35, 37, 38, 39, 36, 34, 0], [0, 47, 49, 52, 50, 51, 48, 45, 46, 44, 40, 41, 42, 43, 0], [0, 10, 8, 9, 6, 4, 2, 1, 75, 5, 3, 7, 0], [0, 81, 78, 76, 71, 70, 73, 77, 79, 80, 72, 61, 64, 68, 69, 0], [0, 99, 100, 97, 93, 92, 94, 95, 96, 98, 0], [0, 59, 60, 58, 56, 53, 54, 55, 57, 0]] [[1130.8458497064655, 1200.0], [1555.8877450834411, 1637.5257371972946], [1637.6636747477917, 1680.0], [1560.1717814345157, 1596.4971588243704], [1596.874838211253, 1677.897473865476], [1087.2506538259472, 1146.1665397322931], [1147.7760971634839, 1199.9999999999995], [1560.2151130056002, 1674.3976025821883], [1112.778972161766, 1200.0000000000002], [1593.932208581498, 1678.8343482497992]]
392 [[0, 91, 89, 88, 85, 84, 82, 83, 86, 87, 90, 0], [0, 13, 17, 18, 19, 15, 16, 14, 12, 11, 0], [0, 20, 24, 25, 27, 29, 30, 28, 26, 23, 22, 21, 0], [0, 66, 62, 74, 63, 65, 67, 0], [0, 32, 33, 31, 35, 37, 38, 39, 36, 34, 0], [0, 47, 49, 52, 50, 51, 48, 45, 46, 44, 40, 41, 42, 43, 0], [0, 10, 8, 9, 6, 4, 2, 1, 75, 5, 3, 7, 0], [0, 81, 78, 76, 71, 70, 73, 77, 79, 80, 72, 61, 64, 68, 69, 0], [0, 99, 100, 97, 93, 92, 94, 95, 96, 98, 0], [0, 59, 60, 58, 56, 53, 54, 55, 57, 0]]
 

CMT12_215
best one:  706.7222728495755 4 [0, 43, 42, 41, 40, 44, 45, 46, 48, 51, 50, 52, 49, 47, 11, 12, 14, 16, 15, 19, 18, 17, 13, 21, 23, 26, 28, 30, 29, 27, 25, 24, 22, 20, 90, 87, 86, 83, 82, 84, 85, 88, 89, 91, 75, 1, 2, 4, 3, 5, 7, 8, 6, 9, 10, 57, 55, 54, 53, 56, 58, 60, 59, 66, 62, 74, 63, 65, 67, 99, 100, 97, 93, 92, 94, 95, 96, 98, 34, 36, 39, 38, 37, 35, 31, 33, 32, 81, 78, 76, 71, 70, 73, 77, 79, 80, 72, 61, 64, 68, 69, 101]
[[0, 43, 42, 41, 40, 44, 45, 46, 48, 51, 50, 52, 49, 47, 0], [0, 11, 12, 14, 16, 15, 19, 18, 17, 13, 0], [0, 21, 23, 26, 28, 30, 29, 27, 25, 24, 22, 20, 0], [0, 90, 87, 86, 83, 82, 84, 85, 88, 89, 91, 0], [0, 75, 1, 2, 4, 3, 5, 7, 8, 6, 9, 10, 0], [0, 57, 55, 54, 53, 56, 58, 60, 59, 0], [0, 66, 62, 74, 63, 65, 67, 0], [0, 99, 100, 97, 93, 92, 94, 95, 96, 98, 0], [0, 34, 36, 39, 38, 37, 35, 31, 33, 32, 0], [0, 81, 78, 76, 71, 70, 73, 77, 79, 80, 72, 61, 64, 68, 69, 0]] [[1141.0841140936534, 1199.9999999999995], [1555.8638018414638, 1637.5097750359764], [1637.561090541213, 1679.9303571898163], [1560.3843221562936, 1623.7756265920334], [1623.7847407107688, 1672.7152617505953], [1107.379483998217, 1199.9999999999995], [1560.1226182269527, 1596.4479956168075], [1596.4851463089012, 1676.4377551606167], [1111.6116701953938, 1199.9999999999998], [1565.817510423411, 1679.999999999999]]

CMT12_902 
CMT12_902 best one:  734.420247780668 1 [0, 21, 23, 26, 28, 30, 29, 27, 25, 24, 22, 20, 5, 3, 7, 8, 11, 9, 6, 4, 2, 1, 75, 47, 49, 52, 50, 51, 48, 46, 45, 44, 40, 41, 42, 43, 81, 78, 76, 71, 70, 73, 77, 79, 80, 72, 61, 64, 68, 69, 57, 55, 54, 53, 56, 58, 60, 59, 98, 96, 95, 94, 92, 93, 97, 100, 99, 13, 17, 18, 19, 15, 16, 14, 12, 10, 91, 89, 88, 85, 84, 82, 83, 86, 87, 90, 32, 33, 31, 35, 37, 38, 39, 36, 34, 67, 65, 63, 74, 62, 66, 101]
[[0, 21, 23, 26, 28, 30, 29, 27, 25, 24, 22, 20, 0], [0, 5, 3, 7, 8, 11, 9, 6, 4, 2, 1, 75, 0], [0, 47, 49, 52, 50, 51, 48, 46, 45, 44, 40, 41, 42, 43, 0], [0, 81, 78, 76, 71, 70, 73, 77, 79, 80, 72, 61, 64, 68, 69, 0], [0, 57, 55, 54, 53, 56, 58, 60, 59, 0], [0, 98, 96, 95, 94, 92, 93, 97, 100, 99, 0], [0, 13, 17, 18, 19, 15, 16, 14, 12, 10, 0], [0, 91, 89, 88, 85, 84, 82, 83, 86, 87, 90, 0], [0, 32, 33, 31, 35, 37, 38, 39, 36, 34, 0], [0, 67, 65, 63, 74, 62, 66, 0]] [[524.7307002921888, 570.9517184543012], [572.2618295656046, 623.3298331354317], [624.4453458302157, 683.361231736562], [686.1254554797868, 810.6881713815187], [811.768205090008, 904.388721091791], [905.1621825732727, 992.3832104115069], [994.7202967161056, 1082.029213779126], [1130.8458497064646, 1199.999999999999], [1562.4140621622093, 1643.4366978164323], [1643.6746226101448, 1679.9999999999995]]
462 [[0, 21, 23, 26, 28, 30, 29, 27, 25, 24, 22, 20, 0], [0, 5, 3, 7, 8, 11, 9, 6, 4, 2, 1, 75, 0], [0, 47, 49, 52, 50, 51, 48, 46, 45, 44, 40, 41, 42, 43, 0], [0, 81, 78, 76, 71, 70, 73, 77, 79, 80, 72, 61, 64, 68, 69, 0], [0, 57, 55, 54, 53, 56, 58, 60, 59, 0], [0, 98, 96, 95, 94, 92, 93, 97, 100, 99, 0], [0, 13, 17, 18, 19, 15, 16, 14, 12, 10, 0], [0, 91, 89, 88, 85, 84, 82, 83, 86, 87, 90, 0], [0, 32, 33, 31, 35, 37, 38, 39, 36, 34, 0], [0, 67, 65, 63, 74, 62, 66, 0]]



CMT12_451
cCMT12_451 best one:  727.2347015001681 2 [0, 81, 78, 76, 71, 70, 73, 77, 79, 80, 72, 61, 64, 68, 69, 34, 36, 39, 38, 37, 35, 31, 33, 32, 67, 65, 63, 74, 62, 66, 59, 60, 58, 56, 53, 54, 55, 57, 90, 87, 86, 83, 82, 84, 85, 88, 89, 91, 13, 17, 18, 19, 15, 16, 14, 12, 11, 75, 1, 2, 4, 6, 9, 8, 10, 7, 3, 5, 99, 100, 97, 93, 92, 94, 95, 96, 98, 43, 42, 41, 40, 44, 46, 45, 48, 51, 50, 52, 49, 47, 21, 23, 26, 28, 30, 29, 27, 25, 24, 22, 20, 101]
[[0, 81, 78, 76, 71, 70, 73, 77, 79, 80, 72, 61, 64, 68, 69, 0], [0, 34, 36, 39, 38, 37, 35, 31, 33, 32, 0], [0, 67, 65, 63, 74, 62, 66, 0], [0, 59, 60, 58, 56, 53, 54, 55, 57, 0], [0, 90, 87, 86, 83, 82, 84, 85, 88, 89, 91, 0], [0, 13, 17, 18, 19, 15, 16, 14, 12, 11, 0], [0, 75, 1, 2, 4, 6, 9, 8, 10, 7, 3, 5, 0], [0, 99, 100, 97, 93, 92, 94, 95, 96, 98, 0], [0, 43, 42, 41, 40, 44, 46, 45, 48, 51, 50, 52, 49, 47, 0], [0, 21, 23, 26, 28, 30, 29, 27, 25, 24, 22, 20, 0]] [[1075.4372840982678, 1199.9999999999998], [1560.534151035962, 1641.556786690185], [1642.9891930122164, 1679.3145704020712], [470.2265639125855, 562.8470799143681], [883.6933691483661, 952.8475194419009], [953.4585923524069, 1041.0228546887706], [1060.0557634626, 1112.4442841509551], [1112.7789721617653, 1199.9999999999995], [1583.3326687306546, 1637.3388974781392], [1637.6307333513967, 1680.0]]
303 [[0, 81, 78, 76, 71, 70, 73, 77, 79, 80, 72, 61, 64, 68, 69, 0], [0, 34, 36, 39, 38, 37, 35, 31, 33, 32, 0], [0, 67, 65, 63, 74, 62, 66, 0], [0, 59, 60, 58, 56, 53, 54, 55, 57, 0], [0, 90, 87, 86, 83, 82, 84, 85, 88, 89, 91, 0], [0, 13, 17, 18, 19, 15, 16, 14, 12, 11, 0], [0, 75, 1, 2, 4, 6, 9, 8, 10, 7, 3, 5, 0], [0, 99, 100, 97, 93, 92, 94, 95, 96, 98, 0], [0, 43, 42, 41, 40, 44, 46, 45, 48, 51, 50, 52, 49, 47, 0], [0, 21, 23, 26, 28, 30, 29, 27, 25, 24, 22, 20, 0]]


CMT12_301 best one:  724.4691443923973 3 [0, 13, 17, 18, 19, 15, 16, 14, 12, 10, 75, 1, 2, 4, 6, 9, 11, 8, 7, 3, 5, 83, 82, 81, 78, 76, 71, 70, 73, 77, 79, 80, 90, 87, 86, 84, 85, 88, 89, 91, 21, 22, 23, 26, 28, 30, 29, 27, 25, 24, 20, 57, 55, 54, 53, 56, 58, 60, 59, 32, 33, 31, 35, 37, 38, 39, 36, 34, 47, 49, 52, 50, 51, 48, 45, 46, 44, 40, 41, 42, 43, 69, 66, 68, 64, 61, 72, 74, 62, 63, 65, 67, 98, 96, 95, 94, 92, 93, 97, 100, 99, 101]
[[0, 13, 17, 18, 19, 15, 16, 14, 12, 10, 0], [0, 75, 1, 2, 4, 6, 9, 11, 8, 7, 3, 5, 0], [0, 83, 82, 81, 78, 76, 71, 70, 73, 77, 79, 80, 0], [0, 90, 87, 86, 84, 85, 88, 89, 91, 0], [0, 21, 22, 23, 26, 28, 30, 29, 27, 25, 24, 20, 0], [0, 57, 55, 54, 53, 56, 58, 60, 59, 0], [0, 32, 33, 31, 35, 37, 38, 39, 36, 34, 0], [0, 47, 49, 52, 50, 51, 48, 45, 46, 44, 40, 41, 42, 43, 0], [0, 69, 66, 68, 64, 61, 72, 74, 62, 63, 65, 67, 0], [0, 98, 96, 95, 94, 92, 93, 97, 100, 99, 0]] [[951.808208434137, 1039.1171254971575], [1148.9319964301728, 1199.9999999999998], [1560.1954226002338, 1674.8723099072927], [1560.3773175330855, 1615.5761620564542], [1615.6632168757894, 1657.9995421279978], [445.54799955173337, 538.1685155535164], [995.7041142995872, 1084.0924441041932], [1085.106532456252, 1144.0224183625978], [1145.9971738875358, 1199.9999999999995], [1600.047391148284, 1679.9999999999995]]




CMT12_180
 best one:  700.2261428356486 5 [0, 10, 12, 14, 16, 15, 19, 18, 17, 13, 47, 49, 52, 50, 51, 48, 45, 46, 44, 40, 41, 42, 43, 57, 59, 60, 58, 56, 53, 54, 55, 99, 100, 97, 93, 92, 94, 95, 96, 98, 81, 78, 76, 71, 70, 73, 77, 79, 80, 72, 61, 64, 68, 69, 66, 62, 74, 63, 65, 67, 5, 3, 7, 8, 11, 9, 6, 4, 2, 1, 75, 91, 89, 88, 85, 84, 82, 83, 86, 87, 90, 32, 33, 31, 35, 37, 38, 39, 36, 34, 20, 24, 25, 27, 29, 30, 28, 26, 23, 22, 21, 101]
[[0, 10, 12, 14, 16, 15, 19, 18, 17, 13, 0], [0, 47, 49, 52, 50, 51, 48, 45, 46, 44, 40, 41, 42, 43, 0], [0, 57, 59, 60, 58, 56, 53, 54, 55, 0], [0, 99, 100, 97, 93, 92, 94, 95, 96, 98, 0], [0, 81, 78, 76, 71, 70, 73, 77, 79, 80, 72, 61, 64, 68, 69, 0], [0, 66, 62, 74, 63, 65, 67, 0], [0, 5, 3, 7, 8, 11, 9, 6, 4, 2, 1, 75, 0], [0, 91, 89, 88, 85, 84, 82, 83, 86, 87, 90, 0], [0, 32, 33, 31, 35, 37, 38, 39, 36, 34, 0], [0, 20, 24, 25, 27, 29, 30, 28, 26, 23, 22, 21, 0]] [[1560.0000000000002, 1640.033173974436], [1088.521425110504, 1147.43731101685], [1560.3238637379263, 1645.2260034062276], [1112.7789721617658, 1200.0], [1560.6449328854183, 1674.8274224620063], [484.3323709688194, 523.9600553941156], [1560.4870042263935, 1607.2993408320685], [1607.375518425822, 1670.7668228615619], [1554.656581504197, 1637.4603566570208], [1637.6636747477912, 1679.9999999999995]]
422 [[0, 10, 12, 14, 16, 15, 19, 18, 17, 13, 0], [0, 47, 49, 52, 50, 51, 48, 45, 46, 44, 40, 41, 42, 43, 0], [0, 57, 59, 60, 58, 56, 53, 54, 55, 0], [0, 99, 100, 97, 93, 92, 94, 95, 96, 98, 0], [0, 81, 78, 76, 71, 70, 73, 77, 79, 80, 72, 61, 64, 68, 69, 0], [0, 66, 62, 74, 63, 65, 67, 0], [0, 5, 3, 7, 8, 11, 9, 6, 4, 2, 1, 75, 0], [0, 91, 89, 88, 85, 84, 82, 83, 86, 87, 90, 0], [0, 32, 33, 31, 35, 37, 38, 39, 36, 34, 0], [0, 20, 24, 25, 27, 29, 30, 28, 26, 23, 22, 21, 0]]


CMT12_172 best one:  709.4232493679716 5 [0, 81, 78, 76, 71, 70, 73, 77, 79, 80, 72, 66, 47, 49, 52, 50, 51, 48, 46, 45, 44, 40, 41, 42, 43, 55, 54, 53, 56, 58, 60, 59, 57, 99, 100, 97, 93, 92, 94, 95, 96, 98, 75, 1, 2, 4, 3, 5, 7, 6, 9, 8, 11, 10, 90, 87, 86, 83, 82, 84, 85, 88, 89, 91, 32, 33, 31, 35, 37, 38, 39, 36, 34, 67, 65, 63, 62, 74, 61, 64, 68, 69, 17, 18, 19, 16, 14, 12, 15, 13, 20, 24, 25, 27, 29, 30, 28, 26, 23, 22, 21, 101]
[[0, 81, 78, 76, 71, 70, 73, 77, 79, 80, 72, 66, 0], [0, 47, 49, 52, 50, 51, 48, 46, 45, 44, 40, 41, 42, 43, 0], [0, 55, 54, 53, 56, 58, 60, 59, 57, 0], [0, 99, 100, 97, 93, 92, 94, 95, 96, 98, 0], [0, 75, 1, 2, 4, 3, 5, 7, 6, 9, 8, 11, 10, 0], [0, 90, 87, 86, 83, 82, 84, 85, 88, 89, 91, 0], [0, 32, 33, 31, 35, 37, 38, 39, 36, 34, 0], [0, 67, 65, 63, 62, 74, 61, 64, 68, 69, 0], [0, 17, 18, 19, 16, 14, 12, 15, 13, 0], [0, 20, 24, 25, 27, 29, 30, 28, 26, 23, 22, 21, 0]] [[1560.3435271834228, 1670.8191890369371], [1129.4531217630479, 1188.3690076693938], [1560.3409267311724, 1645.2430663994737], [1112.778972161765, 1199.9999999999993], [1560.4915259716788, 1610.336865809774], [1610.9241553426375, 1674.3154597783773], [1549.7940494830123, 1634.2186686428977], [1634.2925868238158, 1680.0], [1554.9763923892565, 1637.1799246287194], [1637.6636747477912, 1679.9999999999995]]
341 [[0, 81, 78, 76, 71, 70, 73, 77, 79, 80, 72, 66, 0], [0, 47, 49, 52, 50, 51, 48, 46, 45, 44, 40, 41, 42, 43, 0], [0, 55, 54, 53, 56, 58, 60, 59, 57, 0], [0, 99, 100, 97, 93, 92, 94, 95, 96, 98, 0], [0, 75, 1, 2, 4, 3, 5, 7, 6, 9, 8, 11, 10, 0], [0, 90, 87, 86, 83, 82, 84, 85, 88, 89, 91, 0], [0, 32, 33, 31, 35, 37, 38, 39, 36, 34, 0], [0, 67, 65, 63, 62, 74, 61, 64, 68, 69, 0], [0, 17, 18, 19, 16, 14, 12, 15, 13, 0], [0, 20, 24, 25, 27, 29, 30, 28, 26, 23, 22, 21, 0]]




CMT12_150 best one:  701.5140753381911 6 [0, 20, 24, 25, 27, 29, 30, 28, 26, 23, 22, 21, 34, 36, 39, 38, 37, 35, 31, 33, 32, 47, 49, 52, 50, 51, 48, 45, 46, 44, 40, 41, 42, 43, 91, 89, 88, 85, 84, 87, 13, 15, 12, 14, 16, 19, 18, 17, 66, 69, 68, 64, 61, 72, 74, 62, 63, 65, 67, 10, 11, 8, 9, 6, 4, 2, 1, 75, 5, 3, 7, 80, 79, 77, 73, 70, 71, 76, 78, 81, 82, 83, 86, 90, 98, 96, 95, 94, 92, 93, 97, 100, 99, 55, 54, 53, 56, 58, 60, 59, 57, 101]
[[0, 20, 24, 25, 27, 29, 30, 28, 26, 23, 22, 21, 0], [0, 34, 36, 39, 38, 37, 35, 31, 33, 32, 0], [0, 47, 49, 52, 50, 51, 48, 45, 46, 44, 40, 41, 42, 43, 0], [0, 91, 89, 88, 85, 84, 87, 0], [0, 13, 15, 12, 14, 16, 19, 18, 17, 0], [0, 66, 69, 68, 64, 61, 72, 74, 62, 63, 65, 67, 0], [0, 10, 11, 8, 9, 6, 4, 2, 1, 75, 5, 3, 7, 0], [0, 80, 79, 77, 73, 70, 71, 76, 78, 81, 82, 83, 86, 90, 0], [0, 98, 96, 95, 94, 92, 93, 97, 100, 99, 0], [0, 55, 54, 53, 56, 58, 60, 59, 57, 0]] [[1554.3877812138564, 1598.5948460614459], [1598.6514500423832, 1679.6740856966062], [1562.0404578278508, 1616.0466865753353], [1616.0653000845446, 1671.0229123868473], [1560.2169822162439, 1640.745978585459], [1560.4151607429737, 1610.2147448871244], [1610.6065245598472, 1660.6090408139075], [1560.1906682399715, 1675.0569377526012], [1112.7789721617658, 1200.0], [1594.8618693943827, 1679.764009062684]]

