CM1_551 
best one:  468.11724341298816 1 [0, 11, 2, 29, 21, 16, 50, 34, 30, 9, 38, 47, 4, 42, 19, 40, 41, 13, 18, 5, 49, 10, 39, 33, 45, 15, 44, 37, 17, 12, 6, 14, 25, 24, 43, 7, 23, 48, 27, 8, 26, 31, 28, 3, 36, 35, 20, 22, 1, 32, 46, 51]
[[0, 11, 2, 29, 21, 16, 50, 34, 30, 9, 38, 0], [0, 47, 4, 42, 19, 40, 41, 13, 18, 0], [0, 5, 49, 10, 39, 33, 45, 15, 44, 37, 17, 12, 0], [0, 6, 14, 25, 24, 43, 7, 23, 48, 27, 0], [0, 8, 26, 31, 28, 3, 36, 35, 20, 22, 1, 32, 46, 0]] [[827.3535789952895, 917.6563659821065], [917.7427792160643, 1011.5188293757345], [1014.3399263485969, 1108.89785332476], [1110.4984352842648, 1199.9999999999995], [1580.021085425397, 1680.0]]
106 [[0, 11, 2, 29, 21, 16, 50, 34, 30, 9, 38, 0], [0, 47, 4, 42, 19, 40, 41, 13, 18, 0], [0, 5, 49, 10, 39, 33, 45, 15, 44, 37, 17, 12, 0], [0, 6, 14, 25, 24, 43, 7, 23, 48, 27, 0], [0, 8, 26, 31, 28, 3, 36, 35, 20, 22, 1, 32, 46, 0]]

CM1_275
best one:  460.2374161649745 2 [0, 6, 14, 25, 24, 43, 7, 23, 48, 27, 5, 49, 10, 39, 33, 45, 15, 44, 37, 17, 12, 47, 4, 42, 19, 40, 41, 13, 18, 11, 2, 29, 21, 16, 50, 34, 30, 9, 38, 8, 26, 31, 28, 3, 36, 35, 20, 22, 1, 32, 46, 51]
[[0, 6, 14, 25, 24, 43, 7, 23, 48, 27, 0], [0, 5, 49, 10, 39, 33, 45, 15, 44, 37, 17, 12, 0], [0, 47, 4, 42, 19, 40, 41, 13, 18, 0], [0, 11, 2, 29, 21, 16, 50, 34, 30, 9, 38, 0], [0, 8, 26, 31, 28, 3, 36, 35, 20, 22, 1, 32, 46, 0]] [[1109.6963433416768, 1199.1979080574115], [1561.568350251729, 1648.246449979879], [498.42426735995707, 592.2003175196272], [1066.3564940826923, 1156.659281069509], [1580.021085425397, 1680.0]]

CM1_577 
best one:  481.07184513479604 1 [0, 46, 12, 37, 15, 33, 45, 44, 4, 18, 32, 2, 16, 21, 29, 20, 35, 36, 3, 22, 1, 47, 17, 42, 19, 40, 41, 13, 25, 14, 5, 49, 10, 39, 30, 34, 50, 9, 38, 11, 6, 23, 24, 43, 7, 26, 31, 28, 8, 48, 27, 51]
[[0, 46, 12, 37, 15, 33, 45, 44, 4, 18, 0], [0, 32, 2, 16, 21, 29, 20, 35, 36, 3, 22, 1, 0], [0, 47, 17, 42, 19, 40, 41, 13, 25, 14, 0], [0, 5, 49, 10, 39, 30, 34, 50, 9, 38, 11, 0], [0, 6, 23, 24, 43, 7, 26, 31, 28, 8, 48, 27, 0]] [[364.3954543948779, 448.73392058170293], [898.3245188724715, 1003.4732057109131], [1004.1031449641691, 1105.3116579350803], [1111.9601769276187, 1199.9999999999993], [1576.864425421583, 1679.2007814878204]]
259 [[0, 46, 12, 37, 15, 33, 45, 44, 4, 18

CM1_289 
best one:  479.8731374286025 2 [0, 11, 16, 21, 29, 20, 35, 36, 3, 2, 32, 4, 17, 37, 15, 45, 33, 39, 10, 30, 34, 50, 9, 46, 38, 49, 5, 12, 47, 18, 6, 14, 25, 13, 41, 40, 19, 42, 44, 1, 22, 28, 31, 8, 26, 7, 43, 24, 23, 48, 27, 51]
[[0, 11, 16, 21, 29, 20, 35, 36, 3, 2, 32, 0], [0, 4, 17, 37, 15, 45, 33, 39, 10, 30, 34, 50, 9, 0], [0, 46, 38, 49, 5, 12, 47, 18, 0], [0, 6, 14, 25, 13, 41, 40, 19, 42, 44, 0], [0, 1, 22, 28, 31, 8, 26, 7, 43, 24, 23, 48, 27, 0]] [[988.2237605783595, 1089.3947946506228], [1560.0671298078541, 1664.9351777679387], [503.6447777140016, 567.0503669041464], [1093.417943752666, 1199.9999999999998], [1576.0345184521752, 1679.8809284109511]]

CM1_144 
best one:  449.2947994122518 4 [0, 18, 25, 13, 41, 40, 19, 42, 4, 27, 48, 8, 26, 7, 23, 43, 24, 14, 6, 11, 16, 50, 21, 34, 30, 9, 38, 12, 47, 17, 37, 44, 15, 45, 33, 39, 10, 49, 5, 46, 32, 2, 29, 20, 35, 36, 3, 28, 31, 22, 1, 51]
[[0, 18, 25, 13, 41, 40, 19, 42, 4, 0], [0, 27, 48, 8, 26, 7, 23, 43, 24, 14, 6, 0], [0, 11, 16, 50, 21, 34, 30, 9, 38, 12, 0], [0, 47, 17, 37, 44, 15, 45, 33, 39, 10, 49, 5, 46, 0], [0, 32, 2, 29, 20, 35, 36, 3, 28, 31, 22, 1, 0]] [[1560.0000000000002, 1654.1876301044738], [1560.0546474990324, 1650.1975728211717], [1118.7111294091617, 1199.9999999999998], [1560.4558895798264, 1647.8656034511564], [1583.734340476529, 1680.0]]

CM1_192 
best one:  469.06136577850623 3 [0, 17, 44, 42, 19, 40, 41, 13, 25, 14, 27, 48, 8, 26, 7, 43, 24, 23, 6, 38, 9, 30, 34, 21, 50, 16, 11, 32, 2, 29, 20, 35, 36, 3, 28, 31, 22, 1, 18, 4, 47, 12, 37, 15, 45, 33, 39, 10, 49, 5, 46, 51]
[[0, 17, 44, 42, 19, 40, 41, 13, 25, 14, 0], [0, 27, 48, 8, 26, 7, 43, 24, 23, 6, 0], [0, 38, 9, 30, 34, 21, 50, 16, 11, 0], [0, 32, 2, 29, 20, 35, 36, 3, 28, 31, 22, 1, 0], [0, 18, 4, 47, 0], [0, 12, 37, 15, 45, 33, 39, 10, 49, 5, 46, 0]] [[1560.0000000000002, 1655.3836066694275], [1029.5722101227745, 1121.0633909309145], [1124.6826662371006, 1199.9999999999995], [1560.0188342106533, 1656.2844937341242], [1568.1249907931704, 1601.1456799382208], [1602.1240004125239, 1679.7068962820424]]

CMT2_439 
best one:  766.741032401703 2 [0, 8, 19, 59, 14, 7, 26, 58, 10, 31, 9, 39, 72, 12, 37, 20, 70, 60, 71, 69, 36, 47, 21, 74, 63, 23, 56, 49, 24, 18, 55, 25, 50, 34, 52, 27, 29, 45, 4, 75, 68, 2, 62, 1, 33, 6, 67, 38, 65, 66, 11, 53, 35, 17, 40, 32, 44, 3, 16, 51, 73, 43, 41, 42, 64, 22, 61, 28, 46, 54, 13, 57, 15, 5, 48, 30, 76]
[[0, 8, 19, 59, 14, 7, 26, 0], [0, 58, 10, 31, 9, 39, 72, 12, 0], [0, 37, 20, 70, 60, 71, 69, 36, 47, 21, 74, 0], [0, 63, 23, 56, 49, 24, 18, 55, 25, 50, 0], [0, 34, 52, 27, 29, 45, 4, 0], [0, 75, 68, 2, 62, 1, 33, 6, 0], [0, 67, 0], [0, 38, 65, 66, 11, 53, 35, 0], [0, 17, 40, 32, 44, 3, 16, 51, 0], [0, 73, 43, 41, 42, 64, 22, 61, 28, 0], [0, 46, 54, 13, 57, 15, 5, 48, 30, 0]] [[942.6718467399885, 1017.0081334317911], [1019.8083277105065, 1099.244528431375], [1099.340032562556, 1199.9999999999998], [1560.0000000000002, 1670.9467334630854], [704.9975929995343, 746.5916992765026], [825.8766183226437, 878.0292237248145], [885.1320226649952, 894.9232314052399], [896.6877635224278, 968.9730364238399], [970.0873579333069, 1024.6354031171368], [1099.2849510603137, 1199.9999999999993], [1609.7244433558078, 1679.9999999999995]]

CMT2_292 
best one:  750.5422104121716 3 [0, 17, 58, 10, 31, 9, 12, 38, 65, 66, 11, 53, 72, 39, 25, 55, 18, 50, 32, 40, 45, 29, 5, 36, 47, 48, 30, 7, 35, 14, 59, 19, 54, 13, 27, 2, 62, 22, 61, 28, 74, 68, 75, 21, 69, 71, 60, 70, 20, 37, 15, 57, 52, 63, 23, 56, 41, 64, 42, 43, 1, 73, 26, 67, 8, 46, 34, 4, 51, 3, 44, 24, 49, 16, 33, 6, 76]
[[0, 17, 58, 10, 31, 9, 12, 0], [0, 38, 65, 66, 11, 53, 0], [0, 72, 39, 25, 55, 18, 50, 32, 40, 0], [0, 45, 29, 5, 36, 47, 48, 30, 0], [0, 7, 35, 14, 59, 19, 54, 13, 27, 0], [0, 2, 62, 22, 61, 28, 74, 68, 75, 0], [0, 21, 69, 71, 60, 70, 20, 37, 15, 57, 52, 0], [0, 63, 23, 56, 41, 64, 42, 43, 1, 73, 0], [0, 26, 67, 8, 46, 34, 4, 0], [0, 51, 3, 44, 24, 49, 16, 33, 6, 0]] [[487.67661818345783, 566.6082697207319], [1129.8567164438703, 1200.0], [1560.2021800257974, 1642.5139503730034], [485.2778420822526, 548.4495871415818], [1033.7678832843146, 1122.1310263473085], [1126.916002937863, 1200.0], [1561.2570816235668, 1654.5748441615497], [448.89848412451096, 545.7970381111509], [1574.6121347494177, 1610.910573824361], [1611.9781358124644, 1680.0]]


CMT2_219 
best one:  760.9343511635138 4 [0, 34, 54, 19, 59, 14, 7, 3, 50, 18, 55, 25, 31, 10, 58, 26, 17, 49, 24, 56, 23, 16, 51, 75, 67, 46, 8, 13, 57, 27, 52, 63, 1, 43, 41, 42, 64, 22, 2, 15, 37, 20, 70, 60, 71, 36, 69, 61, 21, 30, 74, 28, 62, 73, 33, 6, 4, 45, 29, 5, 47, 48, 68, 40, 44, 32, 9, 39, 72, 12, 38, 65, 66, 11, 53, 35, 76]
[[0, 34, 54, 19, 59, 14, 7, 0], [0, 3, 50, 18, 55, 25, 31, 10, 58, 0], [0, 26, 17, 49, 24, 56, 23, 16, 51, 0], [0, 75, 0], [0, 67, 46, 8, 13, 57, 27, 52, 0], [0, 63, 1, 43, 41, 42, 64, 22, 2, 0], [0, 15, 37, 20, 70, 60, 71, 36, 69, 61, 21, 0], [0, 30, 74, 28, 62, 73, 33, 6, 0], [0, 4, 45, 29, 5, 47, 48, 68, 0], [0, 40, 44, 32, 9, 39, 72, 12, 0], [0, 38, 65, 66, 11, 53, 35, 0]] [[974.8661743248188, 1058.67070239653], [1560.460847646837, 1659.8981585277543], [1560.0630669427278, 1642.9753109183748], [1643.651562851664, 1648.651562851664], [997.9107199600761, 1059.3721027175923], [1069.073466189882, 1159.6123583307951], [1560.0365477014711, 1663.724500535493], [1087.1655621099965, 1143.3048009359684], [1143.982992832249, 1199.9999999999998], [1557.6720013135841, 1613.3462956630206], [1613.7384998403716, 1679.9999999999998]]

CMT2_175 
best one:  734.5865531884367 5 [0, 40, 32, 9, 39, 12, 26, 58, 38, 65, 66, 11, 19, 54, 13, 57, 15, 37, 36, 47, 48, 33, 63, 23, 56, 24, 49, 16, 51, 4, 30, 74, 28, 2, 6, 21, 61, 69, 71, 60, 70, 20, 5, 29, 17, 67, 46, 52, 27, 45, 75, 68, 62, 22, 64, 42, 41, 43, 1, 73, 7, 53, 59, 14, 35, 8, 34, 72, 10, 31, 25, 55, 18, 50, 44, 3, 76]
[[0, 40, 32, 9, 39, 12, 26, 0], [0, 58, 38, 65, 66, 11, 0], [0, 19, 54, 13, 57, 15, 37, 36, 47, 48, 0], [0, 33, 63, 23, 56, 24, 49, 16, 51, 0], [0, 4, 30, 74, 28, 2, 6, 0], [0, 21, 61, 69, 71, 60, 70, 20, 5, 29, 0], [0, 17, 0], [0, 67, 46, 52, 27, 45, 75, 0], [0, 68, 62, 22, 64, 42, 41, 43, 1, 73, 0], [0, 7, 53, 59, 14, 35, 8, 34, 0], [0, 72, 10, 31, 25, 55, 18, 50, 44, 3, 0]] [[1561.2286198898362, 1609.7361114671578], [1610.3524037586214, 1675.2978401836888], [436.6535500517795, 530.2732055207639], [1549.6328838066802, 1630.459827626274], [1631.1239115273243, 1678.8033817463427], [1560.4502539147031, 1655.7592265016485], [1655.8768631691, 1669.3139594162644], [1560.5123626607208, 1595.610654565653], [1595.63457883235, 1674.4944531478745], [1104.0736097986062, 1178.5264414433623], [1578.1495110208716, 1680.0]]

CMT2_459
best one:  764.866500780231 2 [0, 74, 21, 47, 36, 69, 61, 28, 75, 2, 30, 48, 45, 4, 67, 27, 57, 15, 20, 70, 60, 71, 37, 5, 29, 51, 3, 44, 32, 40, 12, 16, 49, 24, 56, 23, 63, 33, 6, 46, 8, 35, 19, 54, 13, 52, 34, 38, 66, 59, 14, 7, 68, 62, 22, 64, 42, 41, 43, 1, 73, 58, 10, 31, 65, 11, 53, 17, 50, 18, 55, 25, 9, 39, 72, 26, 76]
[[0, 74, 21, 47, 36, 69, 61, 28, 0], [0, 75, 2, 30, 48, 45, 4, 0], [0, 67, 0], [0, 27, 57, 15, 20, 70, 60, 71, 37, 5, 29, 0], [0, 51, 3, 44, 32, 40, 12, 0], [0, 16, 49, 24, 56, 23, 63, 33, 6, 0], [0, 46, 8, 35, 19, 54, 13, 52, 34, 0], [0, 38, 66, 59, 14, 7, 0], [0, 68, 62, 22, 64, 42, 41, 43, 1, 73, 0], [0, 58, 10, 31, 65, 11, 53, 0], [0, 17, 50, 18, 55, 25, 9, 39, 72, 26, 0]] [[508.9573903346439, 596.8740743765625], [953.1509633968666, 1000.5486432183293], [995.5884317465111, 1005.3796404867558], [997.4392670743264, 1089.4523689717707], [1555.3005931760958, 1602.5924369201346], [1602.7583457565013, 1680.0], [519.1640843690622, 580.8815065691036], [934.3086273575038, 1018.4148007881877], [1020.4772581650291, 1106.506211963783], [1109.0878041977533, 1197.3797303810438], [1596.7286870714984, 1679.7985397503521]]

CMT2_306 
best one:  756.4164960388478 3 [0, 47, 36, 69, 71, 60, 70, 20, 37, 5, 29, 72, 39, 9, 25, 55, 31, 10, 58, 26, 12, 40, 17, 74, 21, 61, 28, 2, 68, 35, 53, 11, 66, 65, 38, 27, 52, 8, 46, 34, 67, 15, 57, 13, 54, 19, 59, 14, 7, 6, 33, 73, 1, 63, 16, 62, 22, 64, 42, 43, 41, 56, 23, 3, 44, 32, 50, 18, 24, 49, 51, 4, 45, 48, 30, 75, 76]
[[0, 47, 36, 69, 71, 60, 70, 20, 37, 5, 29, 0], [0, 72, 39, 9, 25, 55, 31, 10, 58, 0], [0, 26, 12, 40, 17, 0], [0, 74, 21, 61, 28, 2, 68, 0], [0, 35, 53, 11, 66, 65, 38, 0], [0, 27, 52, 8, 46, 34, 67, 0], [0, 15, 57, 13, 54, 19, 59, 14, 7, 0], [0, 6, 33, 73, 1, 63, 16, 0], [0, 62, 22, 64, 42, 43, 41, 56, 23, 0], [0, 3, 44, 32, 50, 18, 24, 49, 51, 0], [0, 4, 45, 48, 30, 75, 0]] [[1105.6382523889654, 1199.6998111344305], [1558.9515975582608, 1651.4242000945915], [1651.8645888328367, 1680.0], [1133.316023107422, 1200.0], [1561.6863889937122, 1627.9478891533404], [1628.9260923431018, 1666.7228135519815], [484.47375163899966, 587.1605058560638], [1039.8382337274209, 1096.2487025142786], [1096.4869173288719, 1196.3153037365262], [1565.8864749952015, 1640.603505792527], [1641.1290311345115, 1678.4911162544124]]


CMT2_230
best one:  746.0996306907844 4 [0, 73, 1, 43, 41, 42, 64, 22, 62, 27, 13, 57, 15, 20, 70, 60, 71, 37, 5, 26, 17, 16, 49, 24, 56, 23, 63, 33, 6, 28, 61, 69, 36, 47, 21, 74, 75, 68, 2, 30, 48, 29, 45, 12, 72, 38, 65, 66, 11, 7, 40, 39, 9, 32, 44, 51, 67, 34, 46, 52, 4, 8, 54, 19, 59, 14, 53, 35, 58, 10, 31, 25, 55, 18, 50, 3, 76]
[[0, 73, 1, 43, 41, 42, 64, 22, 62, 0], [0, 27, 13, 57, 15, 20, 70, 60, 71, 37, 5, 0], [0, 26, 17, 0], [0, 16, 49, 24, 56, 23, 63, 33, 6, 0], [0, 28, 61, 69, 36, 47, 21, 74, 0], [0, 75, 68, 2, 30, 48, 29, 45, 0], [0, 12, 72, 38, 65, 66, 11, 7, 0], [0, 40, 39, 9, 32, 44, 51, 0], [0, 67, 34, 46, 52, 4, 0], [0, 8, 54, 19, 59, 14, 53, 35, 0], [0, 58, 10, 31, 25, 55, 18, 50, 3, 0]] [[493.1442373362623, 579.0061296470558], [1561.0316920109317, 1648.094721328893], [1648.3577305494316, 1667.017090157625], [1027.703174675175, 1111.9667974862634], [1112.083315958081, 1199.9999999999993], [1560.5886953382426, 1605.4559532318335], [1605.6333947787964, 1675.644392730236], [1142.1251646274104, 1200.0], [1560.4722932385218, 1589.2758752253048], [1589.631411044107, 1670.972469559616], [1580.5626891190827, 1680.0]]


CMT2_184 
best one:  747.4559076330711 5 [0, 67, 8, 46, 34, 22, 64, 42, 41, 56, 23, 43, 1, 73, 7, 14, 59, 19, 54, 13, 52, 3, 44, 50, 18, 55, 25, 31, 10, 51, 16, 24, 49, 63, 33, 6, 75, 40, 12, 74, 61, 69, 71, 60, 70, 20, 37, 15, 57, 27, 45, 29, 5, 36, 47, 21, 48, 68, 2, 62, 28, 30, 4, 38, 65, 66, 11, 53, 35, 17, 32, 9, 39, 72, 58, 26, 76]
[[0, 67, 8, 46, 34, 0], [0, 22, 64, 42, 41, 56, 23, 43, 1, 73, 0], [0, 7, 14, 59, 19, 54, 13, 52, 0], [0, 3, 44, 50, 18, 55, 25, 31, 10, 0], [0, 51, 16, 24, 49, 63, 33, 6, 75, 0], [0, 40, 12, 0], [0, 74, 61, 69, 71, 60, 70, 20, 37, 15, 57, 27, 0], [0, 45, 29, 5, 36, 47, 21, 48, 0], [0, 68, 2, 62, 28, 30, 4, 0], [0, 38, 65, 66, 11, 53, 35, 0], [0, 17, 32, 9, 39, 72, 58, 26, 0]] [[1553.268543991082, 1583.0636454053417], [1583.0845495426822, 1679.829051835099], [1113.0436513109898, 1200.0], [1560.058623568698, 1659.8876310444973], [1013.5575722191898, 1085.3098247819698], [1171.5234535355291, 1200.0000000000002], [1560.0379256107647, 1661.0678370448225], [1560.5447701115256, 1625.2612957183655], [1625.2812647219382, 1674.0691698338192], [1560.1894506788733, 1626.4509508385015], [1626.794109245996, 1679.9004156679232]]


CMT2_153 
best one:  736.3208176839532 6 [0, 7, 53, 11, 59, 14, 35, 47, 36, 69, 71, 60, 70, 20, 37, 5, 67, 8, 19, 54, 13, 57, 15, 29, 48, 30, 12, 10, 31, 66, 65, 38, 40, 9, 39, 72, 58, 26, 63, 43, 41, 56, 23, 24, 49, 16, 51, 62, 22, 64, 42, 1, 73, 33, 6, 68, 2, 28, 61, 21, 74, 75, 3, 44, 50, 18, 55, 25, 32, 17, 4, 45, 27, 52, 46, 34, 76]
[[0, 7, 53, 11, 59, 14, 35, 0], [0, 47, 36, 69, 71, 60, 70, 20, 37, 5, 0], [0, 67, 0], [0, 8, 19, 54, 13, 57, 15, 29, 48, 30, 0], [0, 12, 10, 31, 66, 65, 38, 0], [0, 40, 9, 39, 72, 58, 26, 0], [0, 63, 43, 41, 56, 23, 24, 49, 16, 51, 0], [0, 62, 22, 64, 42, 1, 73, 33, 6, 0], [0, 68, 2, 28, 61, 21, 74, 75, 0], [0, 3, 44, 50, 18, 55, 25, 32, 17, 0], [0, 4, 45, 27, 52, 46, 34, 0]] [[1560.3461149061811, 1630.6254102360251], [1560.3546894566355, 1646.4550409340748], [1646.611790503618, 1655.5870651821756], [490.5164306571548, 572.8950060406567], [1560.5177526724967, 1649.5676569411594], [494.52614482087256, 547.4648088472916], [1560.341997560753, 1648.485846946991], [1560.7916847449458, 1637.4255246531372], [1130.5887503801496, 1197.2727272727275], [1562.8612414637953, 1643.0779665760824], [1643.4320306150503, 1678.3523918352848]]


CMT2_146 
best one:  715.8429479430876 6 [0, 73, 1, 43, 41, 42, 64, 22, 62, 68, 67, 11, 66, 59, 14, 35, 45, 29, 15, 57, 13, 54, 19, 8, 48, 47, 36, 71, 60, 70, 20, 37, 5, 39, 9, 32, 40, 17, 7, 53, 65, 38, 10, 58, 26, 2, 28, 61, 69, 21, 74, 30, 16, 49, 24, 56, 23, 63, 33, 6, 34, 46, 52, 27, 4, 75, 12, 72, 31, 25, 55, 18, 50, 44, 3, 51, 76]
[[0, 73, 1, 43, 41, 42, 64, 22, 62, 68, 0], [0, 67, 0], [0, 11, 66, 59, 14, 35, 0], [0, 45, 29, 15, 57, 13, 54, 19, 8, 0], [0, 48, 47, 36, 71, 60, 70, 20, 37, 5, 0], [0, 39, 9, 32, 40, 17, 0], [0, 7, 53, 65, 38, 10, 58, 26, 0], [0, 2, 28, 61, 69, 21, 74, 30, 0], [0, 16, 49, 24, 56, 23, 63, 33, 6, 0], [0, 34, 46, 52, 27, 4, 75, 0], [0, 12, 72, 31, 25, 55, 18, 50, 44, 3, 51, 0]] [[1560.0000000000002, 1638.8598743155248], [1642.241455086975, 1651.2167297655326], [1560.0389644128777, 1635.2528010900835], [498.87756225970793, 572.912736248806], [1560.3155745151191, 1638.7649589388523], [1562.2766666427267, 1609.7844611241092], [1609.8070472540005, 1672.1331143755624], [1119.357233440909, 1199.9999999999995], [1560.0002006129062, 1637.2418548564049], [1637.2959473208982, 1670.4577923470422], [1580.5707235727084, 1679.9999999999993]]

CMT2_131 
best one:  721.54027729261 7 [0, 27, 13, 54, 19, 59, 14, 35, 7, 4, 75, 67, 46, 8, 52, 34, 51, 16, 49, 24, 18, 55, 25, 50, 12, 73, 1, 43, 42, 64, 41, 56, 23, 63, 26, 58, 10, 31, 9, 39, 72, 68, 2, 21, 61, 69, 36, 47, 48, 40, 32, 44, 3, 17, 53, 11, 66, 65, 38, 57, 15, 20, 70, 60, 71, 37, 5, 29, 45, 6, 33, 62, 22, 28, 74, 30, 76]
[[0, 27, 13, 54, 19, 59, 14, 35, 7, 0], [0, 4, 75, 0], [0, 67, 46, 8, 52, 34, 0], [0, 51, 16, 49, 24, 18, 55, 25, 50, 12, 0], [0, 73, 1, 43, 42, 64, 41, 56, 23, 63, 0], [0, 26, 58, 10, 31, 9, 39, 72, 0], [0, 68, 2, 21, 61, 69, 36, 47, 48, 0], [0, 40, 32, 44, 3, 17, 0], [0, 53, 11, 66, 65, 38, 0], [0, 57, 15, 20, 70, 60, 71, 37, 5, 29, 45, 0], [0, 6, 33, 62, 22, 28, 74, 30, 0]] [[1560.0000000000002, 1640.9995478077453], [1641.3844260569103, 1654.264619906077], [1018.9661926278985, 1053.4465276951705], [1560.2570294630918, 1654.6177979026404], [1560.1710204768658, 1648.9946949646194], [1003.4453959558963, 1082.564245342592], [1560.000000000001, 1639.2926241452396], [1560.476802032931, 1602.8843113743744], [1603.1032698591794, 1667.4012797856321], [1561.2503700309958, 1645.588328632169], [1619.031519601319, 1679.5723258414391]]

