		Penalty = 0
		
	10A 
	veh_num:  3  
	solution:  287.3545892747907 
	[0, 3, 2, 1, 4, 7, 8, 9, 6, 10, 5, 11]
	[[0, 3, 2, 1, 4, 7, 0], [0, 8, 9, 0], [0, 6, 10, 5, 0]] 
	Trip number: 3
	[[180.0, 303.4089123442153], [231.00236607377158, 302.0723484491987], [207.75207733198218, 300.62777188713045]]
	
	10B
	 veh_num:  1  
	solution:  236.71916812804704 
	 [0, 3, 2, 1, 4, 10, 7, 6, 5, 9, 8, 11] 
	[[0, 3, 2, 1, 4, 10, 7, 0], [0, 6, 5, 9, 8, 0]] 
	Trip number: 2
	[[180.0, 321.4697805806598], [324.75061245261276, 420.0]]
	
	10C 
	veh_num:  2  
	solution:  341.37120119225085 
	 [0, 5, 9, 4, 1, 8, 7, 3, 2, 10, 6, 11] 
	[[0, 5, 9, 4, 1, 0], [0, 8, 0], [0, 7, 0], [0, 3, 2, 10, 6, 0]]
	Trip number: 4
	 [[186.30768527854116, 297.4125755653421], [297.5211180436924, 358.44163379035905], [186.03127505314853, 237.88744208870406], [241.75709275132198, 359.2467208745497]]
	
	10D 
	veh_num:  2  
	solution:  294.628230488811 
	 [0, 3, 2, 5, 10, 6, 1, 4, 7, 9, 8, 11] 
	[[0, 3, 2, 5, 10, 6, 0], [0, 1, 4, 7, 0], [0, 9, 8, 0]] 
	Trip number: 3
	[[284.9587960857115, 413.88315799763], [217.025064262653, 311.7893714587733], [349.0604386192278, 420.0]]
	
	10E
	 veh_num:  3  
	solution:  287.3545892747907 
	 [0, 3, 2, 1, 4, 7, 8, 9, 6, 10, 5, 11] 
	[[0, 3, 2, 1, 4, 7, 0], [0, 8, 9, 0], [0, 6, 10, 5, 0]]
	Trip number: 3
	 [[180.0, 303.4089123442153], [231.00236607377158, 302.0723484491987], [207.75207733198218, 300.62777188713045]]
	
Penalty= 10

10A 
veh_num:  2 
solution:  297.22416828013587 
 [0, 9, 8, 3, 2, 1, 4, 7, 6, 10, 5, 11] 
[[0, 9, 8, 0], [0, 3, 2, 1, 4, 7, 0], [0, 6, 10, 5, 0]] 
Trip number: 3
[[224.02558685922185, 294.96514823999405], [202.5203974301556, 325.92930977437095], [326.10042779870565, 418.97612235385395]]

10B 
veh_num:  1  
solution:  236.43479695706398 
 [0, 7, 10, 4, 1, 3, 2, 6, 5, 9, 8, 11] 
[[0, 7, 10, 4, 1, 3, 2, 0], [0, 6, 5, 9, 8, 0]] 
Trip number: 2
[[181.38490977476934, 322.570319184446], [324.7506124526127, 420.0]]

10C
 veh_num:  2  
solution:  351.4699454802042 
 [0, 3, 2, 5, 10, 6, 9, 4, 1, 8, 7, 11] 
[[0, 3, 2, 5, 10, 0], [0, 6, 9, 4, 1, 0], [0, 8, 0], [0, 7, 0]] 
Trip number: 4
[[284.9587960857115, 401.6644439521623], [186.7318207160603, 298.7194355475915], [303.67163206092795, 364.5921478075946], [368.1438329644444, 419.99999999999994]]

10D
veh_num:  2  
solution:  304.758651483466 
 [0, 3, 2, 5, 10, 6, 7, 1, 4, 8, 9, 11] 
[[0, 3, 2, 5, 10, 6, 0], [0, 7, 1, 4, 0], [0, 8, 9, 0]] 
Trip number: 3
[[284.9587960857115, 413.88315799763], [223.912275980339, 318.6765831764593], [348.93001762457277, 419.99999999999994]]


10E 
veh_num:  2 
solution:  297.22416828013587 
 [0, 9, 8, 3, 2, 1, 4, 7, 6, 10, 5, 11] 
[[0, 9, 8, 0], [0, 3, 2, 1, 4, 7, 0], [0, 6, 10, 5, 0]] 
Trip number: 3
[[224.02558685922185, 294.96514823999405], [202.5203974301556, 325.92930977437095], [326.10042779870565, 418.97612235385395]]

Penalty 20

10A
veh_num:  1  
solution:  298.3650780350561 
 [0, 3, 2, 1, 4, 7, 9, 8, 6, 10, 5, 11] 
[[0, 3, 2, 1, 4, 7, 0], [0, 9, 8, 0], [0, 6, 10, 5, 0]] 
Trip number: 3
[[199.92341538996868, 323.332327734184], [349.0145907135854, 419.9541520943576], [735.9833956899313, 839.9999999999999]]

10B
veh_num:  1  
solution:  237.12465082799048 
 [0, 3, 2, 1, 4, 9, 5, 6, 8, 10, 7, 11]
 [[0, 3, 2, 1, 4, 9, 5, 6, 0], [0, 8, 10, 7, 0]] 
Trip number: 2
[[180.0, 332.06283941254276], [334.9381885845523, 420.0]]

10C
veh_num:  1 
 solution:  357.6943365864014 
 [0, 7, 1, 3, 2, 10, 8, 6, 5, 9, 4, 11] 
[[0, 7, 0], [0, 1, 3, 2, 10, 0], [0, 8, 0], [0, 6, 5, 9, 4, 0]] 
Trip number: 4
[[180.0, 231.85616703555553], [239.8899126693221, 358.13325270770923], [359.07948425333336, 420.0], [713.3256862342079, 839.9999999999999]]

10D
veh_num:  1  
solution:  305.96783927995307 
 [0, 3, 2, 5, 10, 6, 7, 1, 4, 8, 9, 11] [[0, 3, 2, 5, 10, 6, 0], [0, 7, 1, 4, 0], [0, 8, 9, 0]] 
Trip number: 3
[[190.55599054098073, 319.48035245289924], [325.2356928038796, 419.99999999999994], [755.7106244633309, 837.9897946352451]]

10E
veh_num:  1  
solution:  298.3650780350561 
 [0, 3, 2, 1, 4, 7, 9, 8, 6, 10, 5, 11] 
[[0, 3, 2, 1, 4, 7, 0], [0, 9, 8, 0], [0, 6, 10, 5, 0]] 
Trip number: 3
[[199.92341538996868, 323.332327734184], [349.0145907135854, 419.9541520943576], [735.9833956899313, 839.9999999999999]]

