[3, 1550.096782086077, [[0, 9, 3, 20, 30, 1, 34, 0], [0, 38, 19, 32, 0], [0, 24, 6, 37, 27, 0], [0, 28, 42, 0], [0, 44, 0], [0, 43, 0], [0, 18, 41, 25, 0], [0, 12, 21, 33, 4, 26, 11, 13, 0], [0, 23, 15, 8, 36, 5, 0], [0, 2, 39, 29, 7, 0], [0, 35, 16, 17, 31, 0], [0, 22, 10, 14, 40, 0]], [[180.0, 307.6285258768445], [319.1889269238746, 434.501379504502], [434.76709519982205, 539.9999999999998], [721.3121684035922, 824.7073452777257], [181.09709692433606, 260.8660639665583], [193.79075057148805, 275.0185131825991], [275.50798456812674, 368.88774299208234], [369.05629461151204, 529.9082213955714], [131.01315917993998, 291.8813762065203], [293.1413836771489, 410.7878225610398], [411.33800202066044, 540.0], [713.8773467968646, 839.9999999999998]]]

[3, 1543.7124102700348, [[0, 19, 38, 31, 0], [0, 35, 21, 2, 25, 24, 0], [0, 13, 11, 26, 7, 37, 0], [0, 44, 0], [0, 5, 4, 29, 39, 0], [0, 43, 0], [0, 6, 27, 12, 32, 28, 0], [0, 36, 3, 22, 16, 17, 8, 0], [0, 18, 41, 9, 0], [0, 10, 14, 40, 20, 1, 0], [0, 30, 34, 33, 0], [0, 42, 23, 15, 0]], [[164.7283292414869, 285.1121097154286], [286.13935277727694, 401.35766823289435], [401.4088486289964, 539.3713386104212], [180.76940744997134, 260.53837449219355], [203.76400620661275, 328.0382554797268], [329.7213799577496, 410.9491425688607], [411.70017676896725, 534.303513559187], [37.52070165605866, 215.16604233091704], [215.28138755368607, 310.392501223686], [313.2739911631205, 429.87286159087387], [433.4769930044443, 539.9999999999998], [723.6048231257831, 840.0]]]

[3, 1570.5262757961534, [[0, 31, 19, 32, 28, 0], [0, 39, 2, 29, 0], [0, 14, 40, 10, 22, 0], [0, 43, 0], [0, 8, 16, 17, 38, 0], [0, 33, 21, 4, 25, 24, 12, 0], [0, 18, 41, 9, 0], [0, 42, 23, 15, 0], [0, 44, 0], [0, 34, 1, 3, 30, 20, 5, 0], [0, 37, 27, 7, 6, 0], [0, 35, 36, 0], [0, 26, 11, 13, 0]], [[182.47024644141976, 312.1950986641235], [312.206945825889, 417.30049629173516], [417.7029727668196, 527.5367032097852], [161.31691006598248, 248.7723693217661], [181.77546429993703, 314.93087814767443], [315.057150083789, 444.12364517354], [444.8888863299999, 539.9999999999998], [720.6401090808283, 837.0352859550452], [182.42764983245203, 262.19661687467425], [196.47274726708872, 332.3384711601823], [333.8139647739053, 446.046869574083], [446.2873096591392, 539.9999999999997], [746.8898021492047, 839.9999999999998]]]

[3, 1550.096782086077, [[0, 9, 3, 20, 30, 1, 34, 0], [0, 38, 19, 32, 0], [0, 24, 6, 37, 27, 0], [0, 28, 42, 0], [0, 44, 0], [0, 43, 0], [0, 18, 41, 25, 0], [0, 12, 21, 33, 4, 26, 11, 13, 0], [0, 23, 15, 8, 36, 5, 0], [0, 2, 39, 29, 7, 0], [0, 35, 16, 17, 31, 0], [0, 22, 10, 14, 40, 0]], [[180.0, 307.6285258768445], [319.1889269238746, 434.501379504502], [434.76709519982205, 539.9999999999998], [721.3121684035922, 824.7073452777257], [181.09709692433606, 260.8660639665583], [193.79075057148805, 275.0185131825991], [275.50798456812674, 368.88774299208234], [369.05629461151204, 529.9082213955714], [131.01315917993998, 291.8813762065203], [293.1413836771489, 410.7878225610398], [411.33800202066044, 540.0], [713.8773467968646, 839.9999999999998]]]

[3, 1543.7124102700348, [[0, 19, 38, 31, 0], [0, 35, 21, 2, 25, 24, 0], [0, 13, 11, 26, 7, 37, 0], [0, 44, 0], [0, 5, 4, 29, 39, 0], [0, 43, 0], [0, 6, 27, 12, 32, 28, 0], [0, 36, 3, 22, 16, 17, 8, 0], [0, 18, 41, 9, 0], [0, 10, 14, 40, 20, 1, 0], [0, 30, 34, 33, 0], [0, 42, 23, 15, 0]], [[164.7283292414869, 285.1121097154286], [286.13935277727694, 401.35766823289435], [401.4088486289964, 539.3713386104212], [180.76940744997134, 260.53837449219355], [203.76400620661275, 328.0382554797268], [329.7213799577496, 410.9491425688607], [411.70017676896725, 534.303513559187], [37.52070165605866, 215.16604233091704], [215.28138755368607, 310.392501223686], [313.2739911631205, 429.87286159087387], [433.4769930044443, 539.9999999999998], [723.6048231257831, 840.0]]]

