[5, 1817.3330828697851, [[0, 59, 0], [0, 60, 0], [0, 36, 42, 55, 0], [0, 19, 46, 56, 0], [0, 41, 8, 5, 57, 0], [0, 21, 58, 0], [0, 26, 18, 16, 6, 34, 22, 30, 0], [0, 24, 29, 23, 28, 37, 0], [0, 25, 54, 32, 15, 0], [0, 51, 48, 39, 0], [0, 20, 10, 27, 17, 35, 31, 1, 14, 0], [0, 61, 0], [0, 50, 47, 40, 2, 3, 4, 0], [0, 44, 45, 7, 33, 9, 11, 0], [0, 53, 52, 0], [0, 12, 13, 43, 38, 49, 0]], [[182.62285501525025, 249.21713528364506], [249.47152555026722, 315.62617467471165], [317.06794671385217, 410.30085151397435], [411.13914267703797, 510.964181629448], [180.7250126532178, 299.26721163504317], [299.9644869883916, 387.1432796564346], [387.49586849999264, 535.57909082461], [181.51907427295723, 316.8482989286953], [316.9855688322076, 440.0544984766916], [440.49658781156063, 534.9856958036603], [167.53934557150518, 331.8412554398478], [331.87453400874784, 402.9680844744606], [403.31016655069425, 538.8028437328412], [175.76696477139575, 320.8471243965775], [320.8736227088241, 420.1378547867822], [420.39779576173584, 539.9999999999998]]]

[5, 1795.4903015522623, [[0, 47, 44, 45, 21, 0], [0, 52, 10, 20, 0], [0, 54, 25, 50, 0], [0, 49, 38, 11, 27, 39, 0], [0, 28, 37, 53, 19, 0], [0, 59, 0], [0, 23, 24, 29, 17, 35, 31, 1, 0], [0, 36, 34, 55, 0], [0, 56, 14, 18, 26, 0], [0, 42, 22, 30, 12, 8, 13, 16, 0], [0, 6, 43, 57, 5, 0], [0, 58, 48, 0], [0, 61, 0], [0, 15, 32, 33, 9, 7, 40, 2, 3, 4, 0], [0, 41, 46, 51, 0], [0, 60, 0]], [[205.53558772833645, 344.87697041782997], [345.01832530676387, 431.8580220509473], [432.3237882604301, 527.6728738818747], [181.98484485851384, 301.6171879852251], [301.90600903623726, 428.884259830578], [428.9443002659558, 495.53858053435056], [181.438348999284, 342.1303970018062], [342.54786018598594, 438.780764986097], [438.9686061147758, 534.711456074964], [190.20760509321923, 339.1719753909168], [340.171915929211, 456.6328063994349], [456.9925948636632, 537.1713875316506], [181.05972926150065, 252.15327972721346], [198.25073810965603, 375.3783961538883], [375.56471118851414, 473.6722596630886], [473.84535087555537, 539.9999999999998]]]

[5, 1817.3330828697851, [[0, 59, 0], [0, 60, 0], [0, 36, 42, 55, 0], [0, 19, 46, 56, 0], [0, 41, 8, 5, 57, 0], [0, 21, 58, 0], [0, 26, 18, 16, 6, 34, 22, 30, 0], [0, 24, 29, 23, 28, 37, 0], [0, 25, 54, 32, 15, 0], [0, 51, 48, 39, 0], [0, 20, 10, 27, 17, 35, 31, 1, 14, 0], [0, 61, 0], [0, 50, 47, 40, 2, 3, 4, 0], [0, 44, 45, 7, 33, 9, 11, 0], [0, 53, 52, 0], [0, 12, 13, 43, 38, 49, 0]], [[182.62285501525025, 249.21713528364506], [249.47152555026722, 315.62617467471165], [317.06794671385217, 410.30085151397435], [411.13914267703797, 510.964181629448], [180.7250126532178, 299.26721163504317], [299.9644869883916, 387.1432796564346], [387.49586849999264, 535.57909082461], [181.51907427295723, 316.8482989286953], [316.9855688322076, 440.0544984766916], [440.49658781156063, 534.9856958036603], [167.53934557150518, 331.8412554398478], [331.87453400874784, 402.9680844744606], [403.31016655069425, 538.8028437328412], [175.76696477139575, 320.8471243965775], [320.8736227088241, 420.1378547867822], [420.39779576173584, 539.9999999999998]]]

[5, 1792.0702020108974, [[0, 8, 13, 6, 12, 5, 57, 0], [0, 59, 0], [0, 24, 29, 19, 53, 0], [0, 60, 0], [0, 36, 42, 48, 39, 0], [0, 37, 28, 56, 0], [0, 41, 46, 51, 0], [0, 52, 10, 20, 0], [0, 15, 32, 9, 7, 40, 3, 2, 47, 0], [0, 23, 21, 58, 0], [0, 4, 25, 33, 54, 16, 0], [0, 50, 45, 44, 22, 0], [0, 30, 55, 34, 0], [0, 43, 49, 38, 11, 18, 0], [0, 14, 1, 27, 31, 17, 35, 26, 0], [0, 61, 0]], [[198.42165069989665, 344.73258706073216], [344.97479991793955, 411.5690801863343], [411.834357574727, 522.9125611159603], [180.6782825308527, 246.83293165529713], [191.0759279819928, 297.7851616576706], [298.20503839476225, 406.3768508248289], [406.5673907855393, 504.6749392601137], [182.69239972859737, 269.5320964727808], [269.8180751382995, 433.7298073858207], [433.80385068417917, 539.9999999999999], [182.34986530372277, 319.8608481060987], [319.98833527613164, 442.6893487730997], [442.7217945823668, 534.0615283588058], [192.44367781225736, 311.4670833394437], [328.4843354476805, 468.8116092071436], [468.90644953428693, 539.9999999999998]]]

[5, 1794.7658765932815, [[0, 41, 56, 29, 0], [0, 52, 10, 20, 0], [0, 60, 0], [0, 23, 21, 58, 0], [0, 59, 0], [0, 15, 32, 54, 16, 0], [0, 44, 45, 40, 2, 3, 25, 4, 0], [0, 28, 37, 53, 19, 0], [0, 14, 1, 35, 27, 31, 17, 39, 0], [0, 61, 0], [0, 51, 46, 26, 18, 0], [0, 50, 47, 33, 9, 7, 0], [0, 49, 38, 11, 48, 0], [0, 13, 8, 12, 6, 43, 22, 42, 0], [0, 36, 34, 55, 0], [0, 24, 5, 57, 30, 0]], [[183.28632628592564, 272.38079181807285], [272.3988039542868, 359.2385006984702], [359.5427881724005, 425.69743729684495], [425.86206218832405, 532.0582115041448], [180.0727393010003, 246.6670195693951], [252.2384507513458, 383.0154316770202], [383.3173807032021, 535.150586666641], [180.3534346049636, 307.33168539930443], [307.5352152684631, 451.0303076054248], [451.0960738423634, 522.1896243080762], [180.22024700774335, 289.57311419354426], [291.09450762493213, 414.54150486369025], [414.6880439511215, 527.3046264500524], [179.5480078691832, 328.32150559083806], [330.12280510966565, 426.3557099097767], [426.41862034995313, 541.7053260268601]]]

[5, 1791.174845608579, [[0, 33, 9, 47, 40, 2, 3, 25, 0], [0, 41, 46, 51, 0], [0, 55, 16, 48, 0], [0, 14, 1, 35, 31, 27, 17, 39, 0], [0, 12, 6, 32, 15, 54, 4, 0], [0, 37, 28, 56, 0], [0, 5, 13, 8, 43, 38, 49, 0], [0, 34, 42, 36, 22, 30, 0], [0, 60, 0], [0, 57, 11, 18, 26, 0], [0, 61, 0], [0, 50, 44, 45, 7, 0], [0, 59, 0], [0, 23, 24, 29, 53, 0], [0, 58, 21, 19, 0], [0, 52, 10, 20, 0]], [[180.00000000000003, 319.64197808796666], [319.74979590813007, 417.8573443827045], [418.13756104158466, 520.885098292315], [193.4731999154241, 336.96829225238577], [337.1419553470696, 498.46622229882234], [180.02592850655475, 288.1977409366214], [288.4928009193373, 422.35900392256394], [422.6878841504307, 539.9999999999999], [180.81727852240195, 246.97192764684638], [205.969490179084, 318.12045500753845], [319.2272238794983, 390.32077434521113], [391.70284904869004, 508.18844523454646], [180.68325744176178, 247.2775377101566], [232.87585100394287, 350.23871531591817], [352.50053997488436, 452.3272292695939], [453.1603032558164, 539.9999999999998]]]

