[7, 2254.2538066684415, [[0, 60, 46, 68, 41, 11, 0], [0, 48, 25, 5, 4, 8, 57, 36, 24, 0], [0, 61, 37, 52, 33, 47, 0], [0, 32, 35, 39, 54, 10, 38, 3, 50, 0], [0, 79, 0], [0, 62, 66, 13, 58, 0], [0, 74, 9, 31, 42, 40, 15, 0], [0, 44, 73, 7, 67, 0], [0, 18, 43, 75, 63, 0], [0, 51, 26, 59, 72, 0], [0, 49, 21, 19, 23, 17, 29, 30, 16, 56, 0], [0, 71, 45, 69, 0], [0, 1, 27, 78, 28, 0], [0, 76, 22, 34, 12, 55, 0], [0, 20, 14, 65, 77, 0], [0, 2, 70, 53, 64, 6, 0], [0, 80, 0]], [[181.37027055391533, 304.0373772278095], [304.0922833362073, 479.17129065536136], [180.50745751445376, 317.8162449812397], [318.1519895424685, 493.4191693085529], [181.16075095900015, 257.734224587889], [201.3381933356668, 321.9764318222172], [322.07226669631973, 461.96392499691524], [183.1765104404661, 327.6923733341847], [327.73440227064117, 455.5317369207389], [241.34442232956243, 343.9656292697449], [344.2626969224665, 528.8241582462394], [181.46856001129086, 278.27870689357974], [278.47589075075234, 395.9501008729833], [396.326395932452, 529.4117482087488], [202.45066814871095, 312.9457329542664], [316.5348134229286, 459.71595708638415], [463.6789665572185, 539.9655380261074]]]

[7, 2254.2538066684415, [[0, 60, 46, 68, 41, 11, 0], [0, 48, 25, 5, 4, 8, 57, 36, 24, 0], [0, 61, 37, 52, 33, 47, 0], [0, 32, 35, 39, 54, 10, 38, 3, 50, 0], [0, 79, 0], [0, 62, 66, 13, 58, 0], [0, 74, 9, 31, 42, 40, 15, 0], [0, 44, 73, 7, 67, 0], [0, 18, 43, 75, 63, 0], [0, 51, 26, 59, 72, 0], [0, 49, 21, 19, 23, 17, 29, 30, 16, 56, 0], [0, 71, 45, 69, 0], [0, 1, 27, 78, 28, 0], [0, 76, 22, 34, 12, 55, 0], [0, 20, 14, 65, 77, 0], [0, 2, 70, 53, 64, 6, 0], [0, 80, 0]], [[181.37027055391533, 304.0373772278095], [304.0922833362073, 479.17129065536136], [180.50745751445376, 317.8162449812397], [318.1519895424685, 493.4191693085529], [181.16075095900015, 257.734224587889], [201.3381933356668, 321.9764318222172], [322.07226669631973, 461.96392499691524], [183.1765104404661, 327.6923733341847], [327.73440227064117, 455.5317369207389], [241.34442232956243, 343.9656292697449], [344.2626969224665, 528.8241582462394], [181.46856001129086, 278.27870689357974], [278.47589075075234, 395.9501008729833], [396.326395932452, 529.4117482087488], [202.45066814871095, 312.9457329542664], [316.5348134229286, 459.71595708638415], [463.6789665572185, 539.9655380261074]]]

[7, 2254.2538066684415, [[0, 60, 46, 68, 41, 11, 0], [0, 48, 25, 5, 4, 8, 57, 36, 24, 0], [0, 61, 37, 52, 33, 47, 0], [0, 32, 35, 39, 54, 10, 38, 3, 50, 0], [0, 79, 0], [0, 62, 66, 13, 58, 0], [0, 74, 9, 31, 42, 40, 15, 0], [0, 44, 73, 7, 67, 0], [0, 18, 43, 75, 63, 0], [0, 51, 26, 59, 72, 0], [0, 49, 21, 19, 23, 17, 29, 30, 16, 56, 0], [0, 71, 45, 69, 0], [0, 1, 27, 78, 28, 0], [0, 76, 22, 34, 12, 55, 0], [0, 20, 14, 65, 77, 0], [0, 2, 70, 53, 64, 6, 0], [0, 80, 0]], [[181.37027055391533, 304.0373772278095], [304.0922833362073, 479.17129065536136], [180.50745751445376, 317.8162449812397], [318.1519895424685, 493.4191693085529], [181.16075095900015, 257.734224587889], [201.3381933356668, 321.9764318222172], [322.07226669631973, 461.96392499691524], [183.1765104404661, 327.6923733341847], [327.73440227064117, 455.5317369207389], [241.34442232956243, 343.9656292697449], [344.2626969224665, 528.8241582462394], [181.46856001129086, 278.27870689357974], [278.47589075075234, 395.9501008729833], [396.326395932452, 529.4117482087488], [202.45066814871095, 312.9457329542664], [316.5348134229286, 459.71595708638415], [463.6789665572185, 539.9655380261074]]]

[7, 2263.251907117849, [[0, 72, 51, 59, 0], [0, 48, 7, 67, 57, 36, 0], [0, 76, 12, 63, 24, 0], [0, 32, 35, 70, 37, 52, 3, 0], [0, 56, 5, 8, 25, 62, 58, 0], [0, 19, 16, 30, 23, 17, 29, 49, 22, 34, 43, 0], [0, 39, 38, 33, 47, 27, 68, 0], [0, 13, 66, 73, 4, 21, 26, 0], [0, 74, 64, 53, 0], [0, 79, 0], [0, 60, 42, 50, 61, 31, 0], [0, 80, 0], [0, 78, 46, 0], [0, 14, 20, 1, 28, 11, 40, 41, 15, 10, 54, 6, 9, 2, 0], [0, 18, 75, 55, 44, 0], [0, 71, 45, 69, 0], [0, 77, 65, 0]], [[180.0968896911226, 262.7180966312496], [262.9812968083892, 420.191843911066], [420.79891725680693, 537.3048139103897], [205.14698853479166, 346.84765663761624], [347.36672610755255, 493.25787216826416], [182.61459256289228, 379.14628312412674], [379.2652494524909, 529.9153885988294], [216.9995747111722, 392.15018535154593], [392.2869707499614, 495.586761068917], [180.00494932380877, 256.5784229526976], [195.4223747646534, 320.5503960853727], [320.7973203164762, 397.08389178536504], [397.1473704246653, 484.2034925998848], [180.95615989534238, 438.60747335996285], [238.54234626883533, 357.3707641147894], [357.67970133485454, 454.4898482171434], [454.64385519555543, 539.9999999999999]]]

[7, 2254.2538066684415, [[0, 60, 46, 68, 41, 11, 0], [0, 48, 25, 5, 4, 8, 57, 36, 24, 0], [0, 61, 37, 52, 33, 47, 0], [0, 32, 35, 39, 54, 10, 38, 3, 50, 0], [0, 79, 0], [0, 62, 66, 13, 58, 0], [0, 74, 9, 31, 42, 40, 15, 0], [0, 44, 73, 7, 67, 0], [0, 18, 43, 75, 63, 0], [0, 51, 26, 59, 72, 0], [0, 49, 21, 19, 23, 17, 29, 30, 16, 56, 0], [0, 71, 45, 69, 0], [0, 1, 27, 78, 28, 0], [0, 76, 22, 34, 12, 55, 0], [0, 20, 14, 65, 77, 0], [0, 2, 70, 53, 64, 6, 0], [0, 80, 0]], [[181.37027055391533, 304.0373772278095], [304.0922833362073, 479.17129065536136], [180.50745751445376, 317.8162449812397], [318.1519895424685, 493.4191693085529], [181.16075095900015, 257.734224587889], [201.3381933356668, 321.9764318222172], [322.07226669631973, 461.96392499691524], [183.1765104404661, 327.6923733341847], [327.73440227064117, 455.5317369207389], [241.34442232956243, 343.9656292697449], [344.2626969224665, 528.8241582462394], [181.46856001129086, 278.27870689357974], [278.47589075075234, 395.9501008729833], [396.326395932452, 529.4117482087488], [202.45066814871095, 312.9457329542664], [316.5348134229286, 459.71595708638415], [463.6789665572185, 539.9655380261074]]]

[6, 2246.801286883799, [[0, 24, 22, 34, 76, 12, 19, 0], [0, 71, 45, 69, 0], [0, 72, 51, 26, 59, 0], [0, 80, 0], [0, 39, 54, 38, 10, 33, 47, 27, 0], [0, 4, 8, 5, 25, 62, 7, 67, 0], [0, 49, 21, 16, 30, 23, 17, 29, 63, 0], [0, 32, 35, 70, 3, 50, 15, 11, 0], [0, 57, 36, 58, 43, 18, 44, 0], [0, 14, 20, 1, 65, 77, 0], [0, 79, 0], [0, 78, 46, 0], [0, 40, 41, 68, 28, 60, 0], [0, 61, 37, 52, 53, 6, 42, 0], [0, 31, 9, 74, 64, 2, 0], [0, 48, 13, 73, 66, 0], [0, 56, 75, 55, 0]], [[180.0, 316.4766378137099], [318.6063293313523, 415.41647621364115], [415.7519478371894, 518.3731547773559], [176.93911019063768, 254.24597826264733], [188.7196556782029, 358.266900468411], [358.38147724624844, 539.9999999999998], [180.4525667953341, 356.45017146890547], [356.99770869765496, 528.4178662730242], [173.68742913873677, 333.4595065646057], [333.8360826549135, 461.953235420386], [462.0890282075353, 538.6625018364242], [180.27861074025628, 267.33473291547574], [267.53003717924037, 389.6026397352343], [390.00980830384117, 540.8303635411644], [187.37784727599256, 305.0583335395137], [305.5205021488817, 435.303451063863], [436.87252158454504, 540.0]]]
