[6, 1810.144416100612, [[0, 59, 77, 55, 49, 48, 73, 34, 35, 0], [0, 52, 6, 37, 0], [0, 15, 7, 65, 75, 58, 70, 38, 36, 0], [0, 32, 42, 76, 50, 28, 82, 57, 0], [0, 29, 26, 14, 22, 60, 87, 21, 46, 30, 2, 0], [0, 20, 23, 74, 13, 63, 33, 5, 3, 10, 51, 41, 4, 40, 69, 0], [0, 44, 24, 84, 17, 39, 25, 85, 0], [0, 1, 9, 12, 56, 67, 45, 72, 86, 8, 0], [0, 47, 43, 71, 64, 66, 78, 27, 0], [0, 18, 16, 68, 11, 61, 80, 83, 0], [0, 81, 53, 62, 31, 54, 19, 79, 0]], [[225.08262341172843, 404.4645066868904], [404.5016340804076, 492.8128549918347], [180.0459816420749, 351.5964903658505], [352.4292499549199, 491.7600656350987], [180.07837137301203, 361.6678045568927], [160.94922152161166, 410.39111691413586], [410.4711803561492, 540.5380655884821], [180.30230656877342, 366.6649930048413], [367.21198745362295, 492.9840415710488], [241.54253980234418, 371.73827721553675], [371.8587042653556, 540.0000000000001]]]

[6, 1803.8458997687999, [[0, 27, 61, 80, 83, 57, 0], [0, 64, 71, 32, 42, 47, 43, 28, 82, 0], [0, 16, 11, 18, 68, 15, 7, 65, 75, 63, 66, 0], [0, 76, 59, 77, 50, 78, 0], [0, 52, 6, 37, 0], [0, 20, 23, 74, 81, 38, 36, 54, 19, 10, 45, 0], [0, 73, 34, 35, 72, 86, 8, 0], [0, 69, 30, 46, 40, 41, 55, 25, 85, 0], [0, 14, 60, 17, 87, 21, 79, 0], [0, 29, 49, 48, 84, 26, 22, 39, 4, 44, 24, 51, 0], [0, 2, 13, 31, 62, 53, 70, 33, 5, 3, 58, 9, 67, 12, 56, 1, 0]], [[216.52074963832743, 310.5578694087735], [310.9917018153279, 438.38114871932294], [180.82742828190365, 387.62640248600997], [387.6940063571169, 518.2903155543004], [180.44327464502172, 268.75449555644883], [268.7821325710389, 449.99247808333644], [180.61947109142275, 331.23069430777286], [331.33076688603876, 512.7626652414594], [180.63081595431848, 327.5006347087688], [327.67583703250494, 506.13069510285874], [281.86531512723025, 539.9999999999998]]]

[5, 1816.4371223992136, [[0, 59, 77, 76, 0], [0, 78, 28, 50, 82, 57, 0], [0, 52, 6, 37, 11, 18, 68, 16, 83, 0], [0, 72, 62, 53, 70, 63, 79, 0], [0, 7, 65, 75, 58, 15, 9, 67, 12, 56, 0], [0, 69, 48, 73, 49, 8, 86, 0], [0, 29, 41, 24, 22, 60, 39, 85, 25, 40, 0], [0, 17, 87, 21, 84, 14, 26, 0], [0, 46, 30, 10, 81, 38, 36, 54, 31, 19, 33, 5, 3, 1, 45, 0], [0, 2, 20, 23, 74, 13, 35, 34, 44, 51, 4, 55, 47, 43, 42, 0], [0, 66, 32, 64, 71, 27, 80, 61, 0]], [[162.05114362818628, 267.3277937144734], [267.61920549377476, 380.488006789986], [380.4953007070638, 539.7203749897798], [180.62810205188492, 350.86653272360746], [351.13769511257533, 535.8864802848457], [182.24129224119235, 335.8864821587609], [336.54695400082113, 504.3982240720994], [180.19843868830787, 308.50937504914987], [308.98614125606355, 537.2660411389054], [181.74042343444034, 415.9023329594447], [418.1698248675283, 539.9999999999999]]]

[5, 1819.4047741723034, [[0, 16, 11, 18, 68, 66, 78, 0], [0, 70, 53, 62, 31, 54, 10, 69, 30, 46, 0], [0, 1, 9, 67, 12, 56, 20, 35, 34, 87, 0], [0, 45, 8, 74, 3, 58, 75, 63, 13, 23, 0], [0, 32, 42, 47, 76, 59, 77, 0], [0, 2, 65, 7, 15, 5, 33, 19, 36, 38, 85, 55, 40, 0], [0, 29, 49, 48, 73, 21, 17, 26, 14, 22, 60, 39, 25, 43, 0], [0, 24, 41, 44, 4, 51, 72, 86, 0], [0, 71, 64, 50, 28, 82, 6, 52, 37, 0], [0, 27, 61, 80, 83, 57, 0], [0, 81, 84, 79, 0]], [[181.35839924019274, 320.0992972947496], [321.5438288527008, 527.2420508758014], [181.49590064195087, 375.0849779900757], [375.1240259160399, 538.287059755239], [180.41506214106852, 311.12569631369195], [311.1267899250411, 535.4559842717282], [182.77143446439544, 392.45983689995313], [392.53294821622416, 536.8768179622405], [178.43072440211944, 334.75251327322485], [336.7948621786797, 430.83198194912575], [431.2174664351135, 539.9999999999998]]]

[6, 1801.5026215434289, [[0, 52, 6, 37, 0], [0, 61, 80, 83, 11, 68, 27, 0], [0, 87, 21, 84, 40, 0], [0, 63, 3, 75, 58, 7, 65, 15, 9, 67, 12, 56, 1, 0], [0, 2, 20, 23, 13, 62, 53, 19, 38, 36, 54, 31, 22, 14, 26, 60, 39, 0], [0, 28, 82, 76, 50, 78, 0], [0, 29, 69, 10, 81, 70, 5, 33, 74, 0], [0, 57, 55, 41, 44, 4, 51, 24, 8, 86, 0], [0, 66, 59, 42, 47, 43, 71, 64, 32, 18, 16, 0], [0, 45, 72, 35, 34, 49, 73, 48, 46, 30, 0], [0, 77, 79, 25, 85, 17, 0]], [[192.00823912538087, 280.319460036808], [280.41752253870084, 382.0014262657078], [382.2163827390438, 495.6891498937677], [180.5981394979441, 397.68286796583385], [180.92256806246803, 438.27879037670834], [180.24339980136645, 306.2140789984833], [306.2533046256959, 475.84245049048764], [182.29965621412538, 345.7332786693676], [346.5766709383686, 519.8157243407574], [208.49658545144382, 398.02515222995146], [398.067288729906, 539.9999999999998]]]

[5, 1805.4075005274758, [[0, 58, 75, 3, 33, 5, 55, 79, 27, 57, 0], [0, 54, 38, 36, 62, 53, 70, 63, 74, 0], [0, 66, 85, 25, 8, 86, 0], [0, 69, 17, 87, 60, 39, 40, 0], [0, 76, 59, 77, 50, 78, 0], [0, 2, 20, 23, 10, 84, 21, 14, 22, 26, 41, 44, 24, 4, 51, 0], [0, 13, 31, 19, 81, 7, 65, 15, 9, 67, 12, 56, 1, 29, 0], [0, 61, 80, 83, 11, 18, 68, 16, 0], [0, 64, 71, 32, 42, 47, 43, 28, 82, 0], [0, 45, 72, 35, 34, 49, 73, 48, 46, 30, 0], [0, 52, 6, 37, 0]], [[180.0, 366.4333089016884], [366.4409575281494, 539.306822932523], [181.7369983605444, 318.9760352894888], [319.877851125125, 469.1217810632341], [181.27884579389828, 311.8751549910818], [312.0866629507524, 525.4402542264634], [182.15328603300648, 402.9596912001789], [403.2944919918374, 533.3467982872252], [208.3855207930995, 335.77496769709467], [336.0554446229233, 525.584011401431], [742.1012662635959, 839.9999999999991]]]

