[2, 1126.724320806652, [[0, 16, 11, 15, 25, 0], [0, 17, 1, 26, 0], [0, 24, 6, 21, 0], [0, 14, 19, 10, 20, 13, 2, 8, 3, 4, 5, 7, 0], [0, 29, 0], [0, 18, 27, 0], [0, 23, 22, 12, 0], [0, 30, 0], [0, 28, 9, 0]], [[176.75772678671092, 305.2424165736606], [305.5785992365076, 418.0858324520491], [418.5968503085121, 511.7094052827864], [511.79355707786283, 753.4824513487218], [180.99737140160863, 266.7663384438309], [256.1303239773908, 337.2523292003081], [340.4097863583967, 453.1011554285903], [459.2694148728417, 539.9999999999998], [749.3819779034636, 839.9999999999999]]]

[2, 1126.724320806652, [[0, 16, 11, 15, 25, 0], [0, 17, 1, 26, 0], [0, 24, 6, 21, 0], [0, 14, 19, 10, 20, 13, 2, 8, 3, 4, 5, 7, 0], [0, 29, 0], [0, 18, 27, 0], [0, 23, 22, 12, 0], [0, 30, 0], [0, 28, 9, 0]], [[176.75772678671092, 305.2424165736606], [305.5785992365076, 418.0858324520491], [418.5968503085121, 511.7094052827864], [511.79355707786283, 753.4824513487218], [180.99737140160863, 266.7663384438309], [256.1303239773908, 337.2523292003081], [340.4097863583967, 453.1011554285903], [459.2694148728417, 539.9999999999998], [749.3819779034636, 839.9999999999999]]]

[2, 1128.5453890088445, [[0, 17, 1, 26, 15, 0], [0, 23, 22, 12, 0], [0, 29, 0], [0, 10, 6, 14, 2, 13, 4, 5, 3, 7, 8, 21, 9, 0], [0, 28, 0], [0, 18, 25, 0], [0, 16, 11, 27, 0], [0, 30, 0], [0, 19, 20, 24, 0]], [[179.99999999999997, 305.49433219206145], [306.9158826516242, 419.60725172181776], [420.9516478896152, 506.72061493183736], [507.45409634186626, 752.5918409999313], [180.31151575302087, 253.15986750006502], [259.8621136145497, 349.2715481640062], [350.4608583825404, 457.7804497070657], [459.269414872842, 540.0], [730.8549867018818, 839.9999999999999]]]

[2, 1126.7204177959018, [[0, 24, 6, 22, 0], [0, 21, 25, 0], [0, 29, 0], [0, 14, 19, 10, 20, 13, 2, 8, 3, 4, 5, 7, 0], [0, 30, 0], [0, 17, 1, 26, 0], [0, 18, 23, 11, 16, 15, 0], [0, 27, 0], [0, 28, 9, 12, 0]], [[180.00000000000003, 273.84149369918657], [326.57261321221085, 423.26633609369946], [423.94207734914085, 509.71104439136303], [511.48199090237836, 753.1708851732374], [184.82543860923903, 265.5560237363971], [216.37388415478927, 328.88111737033074], [330.2656391817728, 467.6459761201908], [473.2694148728418, 539.9999999999999], [728.6214005061303, 839.9999999999999]]]

[2, 1130.9744368319498, [[0, 27, 16, 11, 0], [0, 23, 22, 12, 0], [0, 18, 25, 0], [0, 30, 0], [0, 29, 0], [0, 17, 1, 26, 15, 0], [0, 24, 6, 21, 9, 0], [0, 14, 19, 10, 20, 13, 2, 8, 3, 4, 5, 7, 0], [0, 28, 0]], [[180.0, 288.5004181573412], [289.35639946583956, 402.0477685360331], [402.35540507181395, 491.7648396212705], [171.12042194437598, 254.81086642340873], [197.43358170674207, 283.2025487489643], [283.639482980045, 409.1338151721065], [411.8733492629965, 511.9859042373264], [512.5375432546087, 754.2264375254678], [756.3819779035468, 839.9999999999998]]]

