[3, 1210.7188872914758, [[0, 9, 38, 33, 0], [0, 10, 2, 25, 37, 29, 0], [0, 24, 4, 17, 1, 36, 0], [0, 21, 35, 31, 16, 0], [0, 26, 41, 12, 0], [0, 27, 28, 6, 8, 15, 13, 14, 5, 0], [0, 30, 23, 19, 7, 3, 18, 20, 0], [0, 34, 22, 32, 11, 0], [0, 39, 40, 0]], [[177.96127119078534, 282.0589722461458], [282.1103823438704, 399.3259481836805], [399.41888088093503, 539.6582480685515], [180.9904104269747, 272.539080366041], [273.14060373805535, 386.8851163080981], [387.3995750385499, 536.0829936621503], [192.9047586538003, 329.9595968346302], [330.9537343284817, 464.47979817500084], [465.3912499513695, 539.9999999999999]]]

[3, 1206.3167573720189, [[0, 30, 23, 35, 0], [0, 10, 2, 25, 7, 19, 26, 0], [0, 34, 22, 32, 11, 9, 0], [0, 41, 24, 4, 12, 0], [0, 27, 29, 37, 15, 0], [0, 38, 33, 14, 5, 0], [0, 28, 6, 36, 1, 17, 8, 13, 0], [0, 3, 40, 31, 16, 0], [0, 21, 39, 20, 18, 0]], [[180.0, 268.10445679841513], [269.13819924415367, 384.9980116665947], [385.6537845671288, 538.4894539280924], [187.5430292765486, 322.0536947082635], [322.83273175739464, 427.5289905666647], [427.71338833999783, 529.4886960781319], [178.9325278672247, 337.5510424561589], [339.3682801212886, 436.7456642582442], [437.46131191480964, 539.9999999999999]]]

[3, 1208.2989904636884, [[0, 34, 22, 32, 11, 9, 0], [0, 26, 7, 19, 36, 0], [0, 28, 33, 38, 0], [0, 3, 20, 18, 30, 23, 0], [0, 41, 4, 24, 12, 0], [0, 27, 37, 29, 0], [0, 6, 1, 17, 15, 8, 13, 14, 5, 25, 2, 10, 0], [0, 21, 35, 31, 16, 0], [0, 39, 40, 0]], [[177.58839916672574, 331.22793547211404], [331.2306852373389, 437.0960798095689], [437.4050627871454, 541.2717677269818], [181.81448684864725, 302.7199835211541], [302.8050900163219, 437.08130882619787], [437.7645086616599, 533.7118623236922], [185.46277102469864, 363.1036365388204], [371.7661396133355, 463.31480955240175], [465.3912499513697, 540.0000000000002]]]

[2, 1197.4137152804453, [[0, 30, 23, 4, 24, 12, 7, 19, 0], [0, 27, 15, 8, 17, 6, 13, 29, 5, 0], [0, 35, 21, 0], [0, 36, 1, 37, 14, 0], [0, 31, 39, 26, 0], [0, 9, 34, 22, 32, 11, 0], [0, 25, 2, 10, 41, 0], [0, 28, 38, 33, 0], [0, 3, 40, 18, 20, 16, 0]], [[38.07576015095694, 208.8959216498913], [211.7967676620271, 352.38007079774883], [353.3058428972734, 417.1039199057923], [417.55038830848616, 539.9999999999999], [720.3085217874481, 830.5208480636927], [166.61284465292164, 323.7999733519822], [323.9941810567731, 436.26763551623975], [436.69852516104464, 540.0000000000003], [722.979033305072, 839.767210977101]]]

[3, 1208.2989904636884, [[0, 34, 22, 32, 11, 9, 0], [0, 26, 7, 19, 36, 0], [0, 28, 33, 38, 0], [0, 3, 20, 18, 30, 23, 0], [0, 41, 4, 24, 12, 0], [0, 27, 37, 29, 0], [0, 6, 1, 17, 15, 8, 13, 14, 5, 25, 2, 10, 0], [0, 21, 35, 31, 16, 0], [0, 39, 40, 0]], [[177.58839916672574, 331.22793547211404], [331.2306852373389, 437.0960798095689], [437.4050627871454, 541.2717677269818], [181.81448684864725, 302.7199835211541], [302.8050900163219, 437.08130882619787], [437.7645086616599, 533.7118623236922], [185.46277102469864, 363.1036365388204], [371.7661396133355, 463.31480955240175], [465.3912499513697, 540.0000000000002]]]

