[3, 1079.6718592244565, [[0, 30, 23, 4, 24, 12, 7, 19, 0], [0, 40, 26, 0], [0, 13, 29, 37, 14, 5, 0], [0, 33, 36, 1, 28, 6, 0], [0, 25, 2, 10, 41, 0], [0, 27, 15, 8, 17, 38, 0], [0, 21, 35, 31, 16, 0], [0, 34, 22, 32, 11, 9, 0], [0, 39, 3, 18, 20, 0]], [[182.98462013720382, 335.2612816160202], [335.5648044049139, 408.39853127713616], [408.59275833520815, 534.3313163056739], [181.1352089890514, 305.3400750528206], [305.64020202387917, 417.91365648334585], [418.34479688262667, 531.9065019766242], [189.25058977260147, 280.7992597116678], [281.16357910641153, 433.9992484673751], [435.601452014311, 539.9999999999999]]]

[3, 1089.3904986849625, [[0, 34, 22, 32, 11, 0], [0, 26, 7, 19, 27, 1, 28, 9, 0], [0, 35, 40, 0], [0, 37, 14, 5, 25, 2, 10, 0], [0, 6, 33, 8, 15, 17, 13, 29, 0], [0, 3, 39, 20, 18, 0], [0, 41, 4, 24, 12, 0], [0, 31, 16, 30, 23, 21, 0], [0, 38, 36, 0]], [[180.00000000000003, 313.52606384651915], [313.89596770814603, 466.96649587124637], [467.1059086632384, 535.7002289316906], [175.80517755181646, 305.8843302900135], [306.17593905179865, 435.1404813198053], [435.6014520143064, 540.0], [197.14341049180413, 331.41962930168006], [331.85021880044866, 446.22858498140886], [447.8972415758425, 540.0]]]

[3, 1089.6219038933461, [[0, 31, 4, 24, 12, 7, 19, 0], [0, 10, 27, 41, 0], [0, 34, 37, 29, 0], [0, 22, 32, 11, 5, 14, 25, 2, 0], [0, 21, 35, 26, 0], [0, 9, 38, 33, 1, 17, 0], [0, 40, 18, 20, 16, 0], [0, 13, 8, 15, 36, 28, 6, 0], [0, 3, 39, 23, 30, 0]], [[177.33906958555372, 321.86363584532916], [322.22347625697483, 427.9317796761254], [428.1228068448342, 540.0], [182.2840498813502, 330.6092218157199], [331.49081970352404, 408.2425684889778], [408.456499557942, 540.0000000000003], [197.3746726246761, 293.18497923185384], [293.9647848372873, 432.0420400440758], [432.9961419165936, 540.0]]]

[3, 1081.2540454173122, [[0, 27, 15, 8, 17, 38, 0], [0, 41, 4, 24, 12, 0], [0, 31, 16, 3, 39, 0], [0, 9, 34, 22, 32, 11, 0], [0, 13, 29, 37, 14, 5, 0], [0, 21, 35, 26, 0], [0, 25, 2, 10, 19, 7, 23, 30, 0], [0, 33, 36, 1, 28, 6, 0], [0, 18, 20, 40, 0]], [[180.3856239418235, 293.9473290358209], [294.2209478337022, 428.4971666435781], [428.57459715848364, 531.4829256978991], [180.8833697134815, 333.6081132968493], [334.9565667402933, 460.69512471075905], [461.0326724710527, 537.7844212565064], [190.9550162297044, 323.37326618016016], [324.9743325834239, 449.1791986471932], [451.33037337948895, 540.0]]]

[3, 1079.6718592244565, [[0, 30, 23, 4, 24, 12, 7, 19, 0], [0, 40, 26, 0], [0, 13, 29, 37, 14, 5, 0], [0, 33, 36, 1, 28, 6, 0], [0, 25, 2, 10, 41, 0], [0, 27, 15, 8, 17, 38, 0], [0, 21, 35, 31, 16, 0], [0, 34, 22, 32, 11, 9, 0], [0, 39, 3, 18, 20, 0]], [[182.98462013720382, 335.2612816160202], [335.5648044049139, 408.39853127713616], [408.59275833520815, 534.3313163056739], [181.1352089890514, 305.3400750528206], [305.64020202387917, 417.91365648334585], [418.34479688262667, 531.9065019766242], [189.25058977260147, 280.7992597116678], [281.16357910641153, 433.9992484673751], [435.601452014311, 539.9999999999999]]]

