[3, 840.1721524428737, [[0, 28, 6, 36, 38, 33, 37, 0], [0, 30, 23, 21, 35, 0], [0, 29, 13, 8, 17, 15, 34, 22, 32, 11, 9, 25, 2, 10, 0], [0, 14, 5, 1, 27, 41, 4, 24, 12, 7, 19, 26, 0], [0, 39, 3, 18, 20, 40, 31, 16, 0]], [[205.62938915425448, 346.46582883193037], [348.31630759084413, 441.7350249760569], [200.77101600379825, 433.74779253619624], [193.8220559910748, 397.2675552108701], [398.4763184694419, 537.9710380972338]]]

[3, 841.0579810463066, [[0, 39, 3, 40, 18, 20, 16, 0], [0, 36, 27, 37, 41, 31, 0], [0, 30, 23, 21, 35, 0], [0, 26, 19, 7, 12, 4, 24, 1, 28, 6, 38, 33, 14, 5, 0], [0, 29, 13, 8, 17, 15, 34, 22, 32, 11, 9, 25, 2, 10, 0]], [[180.99417209739642, 300.9590485843824], [301.40247259746945, 445.7277651773155], [445.76013950417865, 539.1788568893913], [181.75520898194247, 402.12752704380637], [262.8818465744875, 495.8586231068855]]]

[3, 839.44665935002, [[0, 39, 3, 18, 20, 40, 0], [0, 37, 41, 4, 24, 12, 7, 19, 26, 0], [0, 36, 1, 28, 6, 38, 33, 14, 5, 25, 2, 10, 0], [0, 27, 29, 13, 8, 17, 15, 34, 22, 32, 11, 9, 0], [0, 31, 16, 30, 23, 21, 35, 0]], [[180.0, 292.7260855394666], [292.8574394666117, 475.49362822717364], [211.2473257565513, 393.12651556702906], [203.8809686530086, 415.70779771149546], [419.621633818973, 539.9999999999999]]]

[3, 840.4097380478034, [[0, 37, 41, 4, 24, 12, 7, 19, 26, 0], [0, 10, 2, 25, 6, 38, 33, 36, 1, 28, 0], [0, 27, 29, 13, 8, 17, 15, 34, 22, 32, 11, 9, 14, 5, 0], [0, 3, 39, 20, 18, 40, 31, 16, 0], [0, 30, 23, 21, 35, 0]], [[186.59045739648212, 369.226646157044], [369.27915517147545, 533.6513987947092], [196.65468438022197, 427.14255303122064], [304.6724193333704, 444.16713896116704], [444.48149735174553, 537.9002147369583]]]

[3, 841.0579810463066, [[0, 39, 3, 40, 18, 20, 16, 0], [0, 36, 27, 37, 41, 31, 0], [0, 30, 23, 21, 35, 0], [0, 26, 19, 7, 12, 4, 24, 1, 28, 6, 38, 33, 14, 5, 0], [0, 29, 13, 8, 17, 15, 34, 22, 32, 11, 9, 25, 2, 10, 0]], [[180.99417209739642, 300.9590485843824], [301.40247259746945, 445.7277651773155], [445.76013950417865, 539.1788568893913], [181.75520898194247, 402.12752704380637], [262.8818465744875, 495.8586231068855]]]

