[3, 981.2453037963644, [[0, 17, 16, 43, 22, 30, 21, 5, 0], [0, 35, 36, 8, 28, 42, 0], [0, 29, 4, 25, 33, 9, 41, 26, 11, 13, 0], [0, 34, 40, 14, 3, 1, 20, 10, 32, 15, 23, 0], [0, 19, 38, 31, 44, 0], [0, 18, 39, 2, 6, 24, 12, 37, 27, 7, 0]], [[180.52304469854772, 341.90999467137647], [342.64703595760034, 481.78709732101544], [180.45420063948384, 362.9043293962599], [363.01573670241964, 540.0], [248.2093764104862, 374.93783748240423], [375.4445606661536, 539.9999999999998]]]

[3, 977.1257463378739, [[0, 21, 33, 4, 25, 39, 2, 29, 27, 6, 0], [0, 8, 16, 17, 22, 43, 10, 30, 1, 3, 0], [0, 13, 11, 26, 7, 24, 12, 37, 9, 41, 0], [0, 35, 32, 15, 28, 23, 42, 0], [0, 19, 38, 31, 44, 0], [0, 18, 34, 14, 40, 20, 36, 5, 0]], [[183.84213414171762, 355.06948406139446], [355.2475152847002, 536.1707996235803], [203.28753125207876, 374.7699793711147], [375.50387415386774, 516.7747711185235], [256.8732999675826, 383.6017610395007], [384.50669407629243, 539.9999999999999]]]

[3, 976.6968335487074, [[0, 19, 38, 31, 44, 0], [0, 13, 11, 26, 21, 33, 24, 12, 37, 6, 27, 7, 0], [0, 8, 16, 17, 22, 43, 34, 0], [0, 2, 14, 40, 30, 1, 3, 20, 10, 36, 5, 0], [0, 35, 32, 15, 28, 23, 42, 0], [0, 18, 41, 9, 25, 4, 29, 39, 0]], [[182.34796212955234, 309.0764232014704], [309.36787007561037, 503.14416225621295], [180.02912193208815, 334.93664755939153], [334.956330262135, 522.8459967950082], [256.4668799564337, 397.73777692108945], [397.8760088286457, 540.0000000000001]]]

[3, 979.9075561246373, [[0, 8, 36, 30, 40, 14, 34, 0], [0, 13, 11, 26, 29, 39, 2, 41, 0], [0, 38, 31, 19, 16, 17, 22, 10, 20, 3, 1, 9, 18, 0], [0, 35, 32, 15, 28, 42, 23, 0], [0, 6, 27, 7, 24, 12, 37, 4, 25, 33, 21, 5, 0], [0, 43, 44, 0]], [[188.0049093556208, 334.81552403177113], [335.2513941363118, 493.02278413732085], [180.0000804847575, 397.1434367039011], [398.0755672645359, 539.3464642291917], [252.00722967663876, 445.9662912720256], [447.0477633317082, 539.9999999999999]]]

[3, 976.6968335487074, [[0, 19, 38, 31, 44, 0], [0, 13, 11, 26, 21, 33, 24, 12, 37, 6, 27, 7, 0], [0, 8, 16, 17, 22, 43, 34, 0], [0, 2, 14, 40, 30, 1, 3, 20, 10, 36, 5, 0], [0, 35, 32, 15, 28, 23, 42, 0], [0, 18, 41, 9, 25, 4, 29, 39, 0]], [[182.34796212955234, 309.0764232014704], [309.36787007561037, 503.14416225621295], [180.02912193208815, 334.93664755939153], [334.956330262135, 522.8459967950082], [256.4668799564337, 397.73777692108945], [397.8760088286457, 540.0000000000001]]]

