[6, 2005.6817663136867, [[0, 37, 1, 50, 34, 0], [0, 58, 0], [0, 60, 0], [0, 19, 15, 40, 43, 26, 0], [0, 28, 32, 14, 18, 20, 21, 13, 0], [0, 56, 0], [0, 57, 0], [0, 23, 9, 6, 38, 3, 7, 45, 0], [0, 10, 17, 22, 48, 30, 0], [0, 41, 44, 16, 25, 0], [0, 29, 35, 46, 33, 0], [0, 51, 11, 12, 24, 0], [0, 31, 42, 49, 0], [0, 4, 55, 0], [0, 59, 0], [0, 27, 52, 0], [0, 2, 5, 36, 47, 39, 0], [0, 53, 8, 0], [0, 54, 0]], [[180.00000000000003, 291.06184437961457], [292.2193145560091, 374.4554834737869], [374.5979505138686, 436.9570074683131], [180.00668554030818, 318.84836359817285], [319.16200445217544, 471.15199220178204], [472.3258832168264, 539.7937346796721], [180.7887046459752, 254.80201156875904], [218.95383228659938, 387.9781689513705], [388.4682132261627, 509.05413558262103], [185.192562001255, 293.3726602110657], [295.32815183693936, 410.85697640768046], [411.13501643844137, 531.1151626405525], [184.26517554624726, 285.2038469589647], [285.5053371330409, 367.23707052660114], [368.61113530118286, 432.97019225562735], [433.1892000081443, 524.199457981549], [249.45012947860184, 394.00525606682595], [396.08714794173414, 482.76080741535156], [484.85596193111104, 540.0]]]

[6, 1995.953614178476, [[0, 8, 6, 38, 9, 3, 36, 17, 22, 0], [0, 55, 0], [0, 57, 0], [0, 51, 11, 12, 24, 0], [0, 31, 49, 41, 0], [0, 37, 1, 50, 34, 0], [0, 33, 44, 16, 25, 4, 0], [0, 2, 5, 15, 23, 47, 40, 0], [0, 58, 0], [0, 28, 32, 18, 14, 21, 39, 0], [0, 10, 13, 43, 7, 42, 30, 0], [0, 26, 35, 46, 29, 0], [0, 53, 20, 0], [0, 60, 0], [0, 59, 0], [0, 48, 19, 45, 0], [0, 52, 27, 0], [0, 56, 0], [0, 54, 0]], [[187.02926334755728, 367.06874354296434], [367.447974935473, 431.25545511102854], [431.3150325215447, 505.32833944432855], [182.1732208637631, 302.15336706587425], [303.5588704581233, 402.8381129841074], [403.02936742573866, 514.0912118053532], [180.16452563160163, 304.73651593153005], [306.0213903073487, 459.55648853375567], [180.2200717339039, 262.45624065168164], [209.41988389214922, 342.0253145286042], [342.20034055513224, 488.94215609335026], [188.58756119705458, 307.14348114044344], [308.7428796275088, 402.09770980681577], [402.504021868507, 464.8630788229515], [180.17683901469317, 244.5358959691376], [227.41237290326285, 323.2429715247889], [323.3611381529658, 414.3713961263546], [414.9243542799777, 482.3922057428233], [484.8559619311109, 539.9999999999998]]]

[6, 2005.832883174419, [[0, 37, 50, 34, 1, 0], [0, 52, 27, 4, 0], [0, 17, 23, 47, 39, 0], [0, 31, 42, 30, 12, 24, 0], [0, 55, 0], [0, 45, 36, 3, 9, 6, 38, 0], [0, 58, 0], [0, 13, 43, 40, 41, 0], [0, 56, 0], [0, 35, 51, 0], [0, 33, 19, 48, 7, 15, 5, 0], [0, 28, 8, 32, 14, 20, 21, 22, 2, 10, 0], [0, 53, 18, 0], [0, 57, 0], [0, 54, 0], [0, 59, 0], [0, 44, 11, 49, 0], [0, 60, 0], [0, 26, 25, 16, 29, 46, 0]], [[195.36588843334223, 306.4277328129679], [307.49405882640224, 416.4285700177959], [416.54505543466826, 521.0569686406084], [181.0575911694993, 305.21831111666177], [305.3112604738277, 369.11874064938326], [369.18755917432554, 528.5574738409033], [181.34765531500415, 263.5838242327819], [204.11055220079353, 315.4169784601625], [317.19586989453535, 384.66372135738095], [384.8146215065662, 468.1419314987995], [182.05517441641894, 332.51739786536865], [332.9677386461682, 520.43799829141], [180.29868952922234, 274.0209652959451], [275.05987061594476, 349.07317753872854], [349.936296016278, 405.0803340851669], [181.22905124347744, 245.58810819792188], [232.2937157267585, 335.8471822200579], [336.6137105441486, 398.9727674985931], [399.10691961163496, 537.6719783327981]]]

[6, 2010.097520498072, [[0, 40, 43, 13, 19, 27, 0], [0, 35, 51, 11, 0], [0, 55, 0], [0, 37, 50, 34, 0], [0, 26, 49, 41, 0], [0, 4, 33, 44, 16, 25, 0], [0, 59, 0], [0, 54, 0], [0, 57, 0], [0, 58, 0], [0, 46, 29, 7, 45, 0], [0, 23, 2, 5, 22, 10, 15, 48, 0], [0, 42, 30, 39, 36, 0], [0, 31, 52, 0], [0, 28, 32, 14, 18, 20, 21, 24, 0], [0, 56, 0], [0, 53, 8, 1, 0], [0, 17, 47, 3, 9, 6, 38, 12, 0], [0, 60, 0]], [[209.8392161376841, 344.2274527487035], [441.6279515823222, 540.0], [180.14293167479775, 243.9504118503533], [218.54208465620525, 313.6039290357642], [314.7790400887142, 414.88944799760316], [415.03080459955066, 539.8443449139235], [180.39685337489146, 244.7559103293359], [204.19107401958655, 259.3351120884754], [260.076071710845, 334.08937863362877], [180.50021202644132, 262.73638094421904], [224.82359800492702, 356.8013982650017], [357.1142367257193, 518.9329769559573], [181.37330062685473, 289.6227297276183], [290.5291044212316, 380.3464991454059], [380.9078633642356, 538.5688770746892], [182.60727085390084, 250.07512231674644], [197.0107242684852, 305.40303882766375], [306.7263125188465, 476.7741033437778], [477.6409430455554, 539.9999999999999]]]

[6, 2005.6817663136867, [[0, 37, 1, 50, 34, 0], [0, 58, 0], [0, 60, 0], [0, 19, 15, 40, 43, 26, 0], [0, 28, 32, 14, 18, 20, 21, 13, 0], [0, 56, 0], [0, 57, 0], [0, 23, 9, 6, 38, 3, 7, 45, 0], [0, 10, 17, 22, 48, 30, 0], [0, 41, 44, 16, 25, 0], [0, 29, 35, 46, 33, 0], [0, 51, 11, 12, 24, 0], [0, 31, 42, 49, 0], [0, 4, 55, 0], [0, 59, 0], [0, 27, 52, 0], [0, 2, 5, 36, 47, 39, 0], [0, 53, 8, 0], [0, 54, 0]], [[180.00000000000003, 291.06184437961457], [292.2193145560091, 374.4554834737869], [374.5979505138686, 436.9570074683131], [180.00668554030818, 318.84836359817285], [319.16200445217544, 471.15199220178204], [472.3258832168264, 539.7937346796721], [180.7887046459752, 254.80201156875904], [218.95383228659938, 387.9781689513705], [388.4682132261627, 509.05413558262103], [185.192562001255, 293.3726602110657], [295.32815183693936, 410.85697640768046], [411.13501643844137, 531.1151626405525], [184.26517554624726, 285.2038469589647], [285.5053371330409, 367.23707052660114], [368.61113530118286, 432.97019225562735], [433.1892000081443, 524.199457981549], [249.45012947860184, 394.00525606682595], [396.08714794173414, 482.76080741535156], [484.85596193111104, 540.0]]]

