[4, 2252.9499255967758, [[0, 42, 31, 30, 0], [0, 23, 47, 13, 43, 0], [0, 48, 19, 45, 0], [0, 57, 0], [0, 26, 33, 44, 0], [0, 56, 0], [0, 28, 32, 14, 18, 20, 21, 0], [0, 52, 27, 0], [0, 60, 0], [0, 54, 0], [0, 59, 0], [0, 37, 50, 34, 1, 0], [0, 35, 46, 29, 4, 0], [0, 51, 11, 16, 25, 0], [0, 53, 8, 0], [0, 58, 0], [0, 36, 9, 6, 38, 3, 39, 0], [0, 55, 0], [0, 12, 49, 41, 0], [0, 24, 40, 7, 10, 15, 17, 2, 5, 22, 0]], [[157.72101196085322, 254.4567757354646], [254.95019823253054, 370.2789403129819], [370.2849032362345, 466.1155018577606], [466.65154481974434, 541.1967331365507], [721.3305168726428, 822.962541224202], [178.26014997037487, 246.3079514430955], [191.5522086594113, 330.0598846254205], [330.78117893458943, 421.79143690797827], [421.82889947059, 484.1879564250345], [484.85596193111115, 540.0], [159.1870113739876, 230.4837312037695], [191.26056632114938, 302.3224107007751], [303.25108294828425, 422.5026461585668], [422.52771369787763, 539.9999999999999], [720.5916703282059, 821.0000616965468], [177.97435885522503, 260.88574148792776], [199.18803244126113, 352.2436655172044], [352.44380816439633, 416.2512883399519], [416.91567982087514, 517.7761799930973], [518.9836897970911, 752.6666666668834]]]

[5, 2211.5290773743163, [[0, 36, 38, 6, 9, 47, 0], [0, 31, 30, 42, 11, 35, 0], [0, 58, 0], [0, 54, 0], [0, 37, 1, 50, 34, 0], [0, 57, 0], [0, 45, 19, 48, 0], [0, 56, 0], [0, 55, 0], [0, 49, 41, 26, 0], [0, 12, 24, 29, 46, 33, 0], [0, 28, 43, 13, 39, 0], [0, 2, 5, 22, 15, 10, 17, 23, 40, 7, 0], [0, 53, 14, 0], [0, 52, 27, 0], [0, 59, 0], [0, 8, 32, 18, 20, 21, 3, 16, 25, 4, 0], [0, 51, 44, 0], [0, 60, 0]], [[180.0, 328.709753785166], [331.12010200602685, 451.6367219981297], [452.6213233271374, 534.8574922449152], [175.5718733143377, 232.19195361178066], [192.13068168483608, 303.19252606445065], [303.3189175337005, 377.33222445648437], [377.4982044119754, 473.3288030335014], [473.4979148347409, 541.7383793356558], [181.0059631504029, 244.81344332595845], [188.60490120905044, 288.7153091179393], [288.92274986900816, 426.4205877988368], [426.4542078550693, 536.9777770218026], [161.63829367891114, 365.7558892554614], [365.9412469292642, 449.6059297451038], [449.7784022487284, 541.419588399811], [179.05575926822908, 243.72956313326384], [197.07041821392494, 399.7201310585896], [399.75107020757696, 480.1782005946169], [481.1756632722118, 546.3624964079813]]]

[4, 2252.9499255967758, [[0, 42, 31, 30, 0], [0, 23, 47, 13, 43, 0], [0, 48, 19, 45, 0], [0, 57, 0], [0, 26, 33, 44, 0], [0, 56, 0], [0, 28, 32, 14, 18, 20, 21, 0], [0, 52, 27, 0], [0, 60, 0], [0, 54, 0], [0, 59, 0], [0, 37, 50, 34, 1, 0], [0, 35, 46, 29, 4, 0], [0, 51, 11, 16, 25, 0], [0, 53, 8, 0], [0, 58, 0], [0, 36, 9, 6, 38, 3, 39, 0], [0, 55, 0], [0, 12, 49, 41, 0], [0, 24, 40, 7, 10, 15, 17, 2, 5, 22, 0]], [[157.72101196085322, 254.4567757354646], [254.95019823253054, 370.2789403129819], [370.2849032362345, 466.1155018577606], [466.65154481974434, 541.1967331365507], [721.3305168726428, 822.962541224202], [178.26014997037487, 246.3079514430955], [191.5522086594113, 330.0598846254205], [330.78117893458943, 421.79143690797827], [421.82889947059, 484.1879564250345], [484.85596193111115, 540.0], [159.1870113739876, 230.4837312037695], [191.26056632114938, 302.3224107007751], [303.25108294828425, 422.5026461585668], [422.52771369787763, 539.9999999999999], [720.5916703282059, 821.0000616965468], [177.97435885522503, 260.88574148792776], [199.18803244126113, 352.2436655172044], [352.44380816439633, 416.2512883399519], [416.91567982087514, 517.7761799930973], [518.9836897970911, 752.6666666668834]]]

[4, 2229.802304197929, [[0, 52, 0], [0, 59, 0], [0, 55, 0], [0, 54, 0], [0, 35, 51, 11, 0], [0, 58, 0], [0, 57, 0], [0, 31, 42, 30, 27, 4, 0], [0, 1, 50, 34, 0], [0, 10, 15, 2, 5, 22, 36, 3, 9, 6, 38, 0], [0, 60, 0], [0, 45, 19, 48, 0], [0, 33, 49, 41, 0], [0, 28, 32, 14, 18, 20, 21, 0], [0, 37, 26, 16, 25, 0], [0, 56, 0], [0, 53, 8, 0], [0, 39, 47, 40, 0], [0, 17, 23, 13, 43, 7, 24, 12, 0], [0, 46, 29, 44, 0]], [[175.310257637338, 250.88376306489198], [251.4881856573039, 315.84724261174836], [316.3978150850249, 380.20529526058044], [381.53496441738514, 436.67900248627404], [436.77229651407697, 535.1443449317549], [180.10001782178415, 262.33618673956187], [212.98984458184702, 287.00315150463086], [287.81024197266544, 413.4692351528099], [413.91537650846936, 508.27443346302493], [508.27443346302493, 750.357179590239], [180.33963376393214, 242.69869071837658], [198.89339307402972, 294.72399169555575], [302.27768663190136, 400.7489149905956], [401.4923240339907, 539.9999999999999], [716.8893143760695, 839.9999999999993], [166.25946962097345, 238.3074978768279], [180.0588220746057, 266.7324815482232], [268.112555296567, 373.7137410188926], [377.8408054098778, 540.0], [730.5654105151907, 840.0]]]

[4, 2198.2118151854934, [[0, 2, 22, 17, 10, 15, 23, 40, 7, 0], [0, 45, 48, 26, 0], [0, 32, 18, 20, 21, 13, 43, 0], [0, 55, 0], [0, 57, 0], [0, 31, 42, 49, 0], [0, 53, 14, 0], [0, 52, 27, 0], [0, 60, 0], [0, 59, 0], [0, 4, 33, 44, 16, 25, 0], [0, 29, 46, 24, 41, 0], [0, 56, 0], [0, 12, 30, 39, 36, 6, 19, 0], [0, 35, 51, 11, 0], [0, 58, 0], [0, 28, 8, 38, 3, 9, 47, 5, 0], [0, 37, 1, 50, 34, 0], [0, 54, 0]], [[11.490235494644203, 214.3238504659056], [214.56577940538375, 316.4752660428843], [316.5849282033285, 467.9130803971513], [468.01112905544323, 531.8186092309987], [180.60461182758, 254.61791875036383], [197.85109646841312, 298.7897678811305], [301.5416760969873, 385.206358912827], [386.19226552605994, 477.2025234994488], [477.6409430455554, 539.9999999999999], [722.5063938030048, 797.337262148338], [74.29797484059829, 214.67885687476695], [214.8368846267848, 327.8838255930239], [329.2759006350975, 396.7437520979431], [397.1164252492887, 540.0], [720.0219853991961, 830.0684435004129], [176.09290269241745, 259.63143737938935], [202.25316937050047, 370.1992817026899], [370.8553043075791, 481.9171486871937], [484.8559619311109, 539.9999999999998]]]

