[4, 2391.46371907111, [[0, 51, 32, 52, 59, 31, 0], [0, 63, 53, 64, 0], [0, 47, 48, 62, 45, 0], [0, 67, 68, 38, 0], [0, 65, 7, 23, 50, 55, 9, 0], [0, 58, 35, 36, 70, 0], [0, 54, 66, 16, 56, 11, 0], [0, 76, 0], [0, 26, 22, 30, 14, 71, 0], [0, 77, 0], [0, 61, 17, 69, 3, 20, 19, 10, 0], [0, 6, 21, 41, 73, 34, 15, 0], [0, 37, 29, 40, 13, 46, 49, 27, 8, 4, 5, 0], [0, 1, 33, 12, 2, 44, 25, 18, 42, 57, 0], [0, 74, 60, 24, 0], [0, 75, 0], [0, 72, 43, 39, 28, 0]], [[86.86394364252183, 214.9600966223019], [215.12745103254778, 308.95397097006827], [311.1259419840696, 422.34135416559974], [422.7034158448073, 539.8980791457645], [58.82740763056096, 223.19523233854724], [223.3034751991926, 322.41313672762453], [323.61348721411315, 465.503052527675], [466.5017243311109, 539.9999999999997], [720.0022371175471, 829.3509398490567], [171.5392788546249, 254.79556102291352], [190.21218693525066, 365.6926558754895], [365.8355703882244, 507.564343963897], [507.56434396389704, 762.9369573517664], [40.03243631703127, 270.9701472160863], [271.7396141507751, 379.2092016534279], [379.57697969422304, 445.4253314412672], [447.17684749987757, 539.9999999999999]]]

[4, 2391.46371907111, [[0, 51, 32, 52, 59, 31, 0], [0, 63, 53, 64, 0], [0, 47, 48, 62, 45, 0], [0, 67, 68, 38, 0], [0, 65, 7, 23, 50, 55, 9, 0], [0, 58, 35, 36, 70, 0], [0, 54, 66, 16, 56, 11, 0], [0, 76, 0], [0, 26, 22, 30, 14, 71, 0], [0, 77, 0], [0, 61, 17, 69, 3, 20, 19, 10, 0], [0, 6, 21, 41, 73, 34, 15, 0], [0, 37, 29, 40, 13, 46, 49, 27, 8, 4, 5, 0], [0, 1, 33, 12, 2, 44, 25, 18, 42, 57, 0], [0, 74, 60, 24, 0], [0, 75, 0], [0, 72, 43, 39, 28, 0]], [[86.86394364252183, 214.9600966223019], [215.12745103254778, 308.95397097006827], [311.1259419840696, 422.34135416559974], [422.7034158448073, 539.8980791457645], [58.82740763056096, 223.19523233854724], [223.3034751991926, 322.41313672762453], [323.61348721411315, 465.503052527675], [466.5017243311109, 539.9999999999997], [720.0022371175471, 829.3509398490567], [171.5392788546249, 254.79556102291352], [190.21218693525066, 365.6926558754895], [365.8355703882244, 507.564343963897], [507.56434396389704, 762.9369573517664], [40.03243631703127, 270.9701472160863], [271.7396141507751, 379.2092016534279], [379.57697969422304, 445.4253314412672], [447.17684749987757, 539.9999999999999]]]

[5, 2433.2713844632644, [[0, 73, 54, 0], [0, 61, 68, 51, 0], [0, 71, 70, 0], [0, 75, 0], [0, 58, 36, 35, 14, 30, 22, 3, 26, 10, 20, 19, 0], [0, 43, 72, 0], [0, 24, 17, 74, 39, 31, 0], [0, 45, 62, 47, 0], [0, 77, 0], [0, 34, 63, 66, 16, 11, 0], [0, 21, 25, 44, 53, 64, 0], [0, 33, 6, 12, 7, 5, 50, 23, 55, 9, 15, 8, 4, 0], [0, 1, 18, 40, 41, 56, 65, 0], [0, 46, 49, 27, 29, 37, 48, 2, 0], [0, 76, 0], [0, 69, 60, 38, 13, 0], [0, 42, 57, 67, 28, 0], [0, 32, 52, 59, 0]], [[180.75712835695367, 277.527505340287], [277.7559987129124, 389.1069688929124], [389.40828659333346, 465.17040898222234], [465.48917996080775, 531.3375317078519], [21.13577637295736, 226.6557767501328], [227.5515893705416, 298.5789785372638], [298.6793805306238, 424.3511677454576], [424.54916115528846, 522.9736244412471], [181.28804008866635, 261.7240818751633], [217.1610788554632, 352.9384572574363], [377.5830668126129, 507.0369297587885], [507.8190367748645, 760.5593543106637], [196.4743094258541, 336.4916432831401], [336.5226678971927, 527.1397165466591], [180.17688352620303, 253.6751591950919], [207.37715842276688, 335.85207397747763], [336.9143144163004, 452.9467113876966], [454.1516482528843, 539.9999999999999]]]

[5, 2433.2713844632644, [[0, 73, 54, 0], [0, 61, 68, 51, 0], [0, 71, 70, 0], [0, 75, 0], [0, 58, 36, 35, 14, 30, 22, 3, 26, 10, 20, 19, 0], [0, 43, 72, 0], [0, 24, 17, 74, 39, 31, 0], [0, 45, 62, 47, 0], [0, 77, 0], [0, 34, 63, 66, 16, 11, 0], [0, 21, 25, 44, 53, 64, 0], [0, 33, 6, 12, 7, 5, 50, 23, 55, 9, 15, 8, 4, 0], [0, 1, 18, 40, 41, 56, 65, 0], [0, 46, 49, 27, 29, 37, 48, 2, 0], [0, 76, 0], [0, 69, 60, 38, 13, 0], [0, 42, 57, 67, 28, 0], [0, 32, 52, 59, 0]], [[180.75712835695367, 277.527505340287], [277.7559987129124, 389.1069688929124], [389.40828659333346, 465.17040898222234], [465.48917996080775, 531.3375317078519], [21.13577637295736, 226.6557767501328], [227.5515893705416, 298.5789785372638], [298.6793805306238, 424.3511677454576], [424.54916115528846, 522.9736244412471], [181.28804008866635, 261.7240818751633], [217.1610788554632, 352.9384572574363], [377.5830668126129, 507.0369297587885], [507.8190367748645, 760.5593543106637], [196.4743094258541, 336.4916432831401], [336.5226678971927, 527.1397165466591], [180.17688352620303, 253.6751591950919], [207.37715842276688, 335.85207397747763], [336.9143144163004, 452.9467113876966], [454.1516482528843, 539.9999999999999]]]

[4, 2391.46371907111, [[0, 51, 32, 52, 59, 31, 0], [0, 63, 53, 64, 0], [0, 47, 48, 62, 45, 0], [0, 67, 68, 38, 0], [0, 65, 7, 23, 50, 55, 9, 0], [0, 58, 35, 36, 70, 0], [0, 54, 66, 16, 56, 11, 0], [0, 76, 0], [0, 26, 22, 30, 14, 71, 0], [0, 77, 0], [0, 61, 17, 69, 3, 20, 19, 10, 0], [0, 6, 21, 41, 73, 34, 15, 0], [0, 37, 29, 40, 13, 46, 49, 27, 8, 4, 5, 0], [0, 1, 33, 12, 2, 44, 25, 18, 42, 57, 0], [0, 74, 60, 24, 0], [0, 75, 0], [0, 72, 43, 39, 28, 0]], [[86.86394364252183, 214.9600966223019], [215.12745103254778, 308.95397097006827], [311.1259419840696, 422.34135416559974], [422.7034158448073, 539.8980791457645], [58.82740763056096, 223.19523233854724], [223.3034751991926, 322.41313672762453], [323.61348721411315, 465.503052527675], [466.5017243311109, 539.9999999999997], [720.0022371175471, 829.3509398490567], [171.5392788546249, 254.79556102291352], [190.21218693525066, 365.6926558754895], [365.8355703882244, 507.564343963897], [507.56434396389704, 762.9369573517664], [40.03243631703127, 270.9701472160863], [271.7396141507751, 379.2092016534279], [379.57697969422304, 445.4253314412672], [447.17684749987757, 539.9999999999999]]]

