[7, 2233.59321504724, [[0, 83, 26, 19, 81, 52, 92, 38, 0], [0, 35, 84, 46, 72, 75, 67, 57, 0], [0, 49, 73, 95, 86, 0], [0, 45, 85, 94, 18, 37, 63, 9, 0], [0, 96, 39, 82, 76, 4, 0], [0, 70, 55, 98, 59, 11, 1, 43, 0], [0, 2, 3, 12, 68, 79, 65, 88, 40, 41, 0], [0, 66, 74, 97, 71, 0], [0, 10, 54, 61, 5, 7, 23, 25, 36, 33, 13, 14, 32, 48, 21, 47, 27, 0], [0, 34, 53, 91, 24, 89, 16, 51, 0], [0, 56, 58, 50, 78, 44, 69, 8, 80, 0], [0, 62, 93, 22, 28, 90, 20, 31, 0], [0, 15, 64, 77, 17, 60, 87, 29, 6, 30, 42, 0]], [[180.00000000000003, 342.6779488600059], [364.3351588596239, 537.0013569606363], [212.22455709186852, 323.7903218324918], [336.15709130774775, 514.0056683791709], [180.71631497544456, 302.7893147693413], [302.9326140655739, 481.43996679308157], [182.26694626170558, 357.4912417150791], [357.7343764310732, 444.0934333857066], [180.08178721526582, 470.50216558938206], [198.8543072756754, 370.82763275827745], [372.7222541711629, 539.7040342371981], [188.26535824896473, 338.98082206537407], [343.41992639439803, 539.9999999999995]]]

[7, 2228.2998930862213, [[0, 98, 92, 52, 7, 31, 0], [0, 73, 95, 50, 78, 0], [0, 18, 37, 63, 79, 88, 65, 68, 0], [0, 4, 3, 57, 2, 75, 72, 67, 12, 84, 0], [0, 64, 77, 15, 42, 10, 54, 17, 60, 38, 61, 30, 0], [0, 90, 20, 28, 22, 62, 93, 35, 0], [0, 5, 19, 26, 81, 23, 40, 41, 46, 49, 58, 56, 34, 0], [0, 51, 91, 53, 24, 16, 33, 32, 45, 27, 21, 47, 0], [0, 74, 97, 71, 66, 0], [0, 39, 96, 76, 59, 9, 11, 1, 43, 0], [0, 70, 55, 86, 44, 69, 8, 80, 0], [0, 87, 94, 29, 6, 85, 0], [0, 83, 89, 13, 48, 14, 25, 36, 82, 0]], [[180.00000000000003, 325.71570424818975], [326.35111323823656, 443.33595443172294], [181.11961932216389, 349.4149132046708], [351.2866319668492, 525.393502415602], [180.49909707259476, 386.14309725591016], [386.3605147814342, 535.5914429518317], [180.73716552760138, 419.8863932180019], [181.09770797313078, 417.2379093351188], [417.7148355390114, 504.0738924936448], [181.10341408175427, 350.3995700195404], [350.5309113011462, 498.9133726001086], [220.86552369770345, 363.11869954345894], [363.25802412995284, 539.9999999999998]]]

[7, 2220.6278572134997, [[0, 73, 98, 59, 80, 0], [0, 8, 69, 44, 86, 11, 9, 70, 55, 1, 43, 0], [0, 96, 39, 82, 76, 0], [0, 15, 64, 77, 27, 45, 48, 32, 24, 51, 62, 0], [0, 31, 47, 21, 93, 22, 28, 90, 20, 0], [0, 41, 46, 40, 95, 63, 37, 18, 49, 0], [0, 83, 89, 60, 54, 17, 38, 10, 30, 42, 0], [0, 58, 56, 67, 75, 72, 12, 84, 0], [0, 50, 78, 13, 33, 14, 25, 36, 16, 53, 91, 0], [0, 35, 68, 79, 88, 65, 57, 2, 3, 4, 0], [0, 74, 97, 71, 66, 0], [0, 52, 7, 92, 23, 5, 19, 26, 81, 61, 34, 0], [0, 87, 94, 29, 6, 85, 0]], [[180.03142975294213, 296.3730724563484], [296.4963739005194, 494.0947391404976], [180.1446384838404, 295.3964411003762], [295.5680075139391, 504.6569222218397], [186.15222804305344, 343.34044647672647], [343.34637981308055, 515.4189545316716], [180.76988696840525, 370.8946161357586], [371.0801201850494, 535.3405656788746], [180.2614101615589, 393.06853657877826], [189.7261638837731, 371.1455822042534], [371.32326311152735, 457.68232006616074], [189.56872705466455, 395.4311136488128], [397.7468241542442, 539.9999999999998]]]

[7, 2218.0544052210926, [[0, 15, 64, 77, 17, 60, 54, 10, 87, 0], [0, 47, 21, 83, 28, 22, 62, 93, 31, 0], [0, 40, 46, 41, 72, 75, 12, 84, 0], [0, 66, 74, 97, 71, 0], [0, 85, 6, 29, 94, 55, 70, 0], [0, 56, 58, 11, 9, 86, 44, 69, 8, 80, 0], [0, 90, 20, 51, 91, 53, 24, 16, 0], [0, 35, 2, 3, 59, 98, 76, 1, 43, 0], [0, 27, 45, 48, 33, 13, 32, 14, 36, 25, 89, 38, 30, 34, 0], [0, 73, 96, 39, 82, 18, 37, 0], [0, 61, 19, 5, 26, 81, 52, 7, 92, 23, 42, 0], [0, 49, 88, 65, 79, 68, 57, 4, 0], [0, 67, 63, 95, 50, 78, 0]], [[184.40447496323299, 358.90407655157486], [359.404907880226, 534.7455798314965], [227.209598633829, 376.1439186010393], [432.5781560029584, 518.9372129575918], [195.203979319669, 351.6056264560146], [351.8868215133819, 522.0070196780291], [180.32407474564783, 331.844420048782], [332.1940875753412, 508.5527797083507], [180.00139748100585, 432.66843317416954], [179.60330605905978, 331.4864131840468], [331.6058142599946, 539.9999999999998], [240.37861272897888, 397.05558177998284], [401.101425586659, 539.9999999999997]]]

[7, 2238.838861797501, [[0, 59, 96, 39, 82, 0], [0, 61, 87, 83, 90, 20, 0], [0, 88, 65, 79, 40, 46, 41, 35, 0], [0, 37, 18, 63, 29, 85, 94, 1, 43, 0], [0, 77, 64, 15, 48, 33, 32, 36, 25, 47, 21, 45, 27, 31, 0], [0, 38, 60, 52, 5, 19, 26, 81, 6, 50, 78, 0], [0, 62, 93, 22, 28, 51, 91, 0], [0, 70, 55, 69, 44, 8, 80, 58, 56, 34, 0], [0, 72, 75, 12, 67, 49, 68, 84, 0], [0, 53, 24, 16, 89, 14, 13, 10, 54, 30, 42, 11, 2, 57, 3, 4, 0], [0, 17, 92, 23, 7, 73, 95, 0], [0, 98, 76, 86, 9, 0], [0, 74, 97, 71, 66, 0]], [[180.30134385821947, 301.46687759866967], [301.8194777400117, 428.2931550239521], [180.09718206516226, 334.4840400642733], [334.4978516719865, 528.2544607682356], [187.15864347155974, 440.10314121325484], [182.69833447567586, 386.3240469171871], [386.6602348196034, 530.8842541907221], [180.44440661749545, 361.07587831966646], [361.3914123907812, 526.4056476277226], [188.77049631134454, 467.0626219507016], [190.8909647523375, 346.33511751546257], [347.1097092217077, 453.63062104890537], [453.64094304536644, 539.9999999999999]]]

[7, 2223.2267697806974, [[0, 68, 88, 79, 72, 75, 0], [0, 41, 40, 46, 94, 87, 0], [0, 83, 62, 93, 90, 0], [0, 89, 13, 33, 48, 32, 14, 25, 36, 16, 51, 28, 22, 20, 0], [0, 52, 7, 92, 23, 5, 19, 26, 81, 60, 35, 0], [0, 50, 78, 86, 69, 8, 80, 0], [0, 65, 95, 63, 37, 18, 73, 34, 0], [0, 53, 91, 24, 6, 85, 29, 61, 31, 0], [0, 47, 21, 45, 27, 64, 77, 15, 42, 30, 54, 17, 38, 10, 0], [0, 70, 55, 9, 11, 49, 67, 12, 84, 57, 2, 3, 4, 0], [0, 96, 39, 82, 76, 44, 0], [0, 43, 1, 98, 59, 58, 56, 0], [0, 66, 74, 97, 71, 0]], [[180.00000000000003, 312.78916961574754], [313.56393786298935, 453.7870013708436], [180.18621267035206, 303.0590464991386], [303.142116041799, 539.0983920262892], [181.1268355477521, 394.14561214856707], [395.0454398681891, 520.8898118067387], [180.6163712509498, 345.71261037719637], [346.23595557489585, 534.5117814133273], [180.66957444684147, 418.0005728273328], [181.17118506631346, 388.5212550074173], [389.2551415036784, 523.2238417394211], [289.1225824267281, 453.26397025453343], [453.64094304536655, 539.9999999999999]]]

