10
200
125

[Node]
0  0  0   0  0
11 0  0   0  0

[pickup]
1	504558778	23 8
2	503907150	28 12
3	504729849	33 13
4	505033597	33 9
5	502787864	34 11
6	504944047	35 12
7	505117949	71 8
8	504787660	147 5
9	502788559	47 10
10	503589812	48 14

[Speed 0]
  0.0 180.0 0.0 1
180.0 420.0 0.0 1.5
420.0 660.0 0.0 0.8
660.0 840.0 0.0 1.2

[Speed 1]
  0.0 180.0 0.0 1
180.0 420.0 0.0 1.4
420.0 660.0 0.0 0.7
660.0 840.0 0.0 1.2

[Speed 2]
  0.0 180.0 0.0 1
180.0 420.0 0.0 1.4
420.0 660.0 0.0 0.7
660.0 840.0 0.0 1.2

[Speed 3]
  0.0 180.0 0.0 1
180.0 420.0 0.0 1.5
420.0 660.0 0.0 0.8
660.0 840.0 0.0 1.2

[Speed 4]
  0.0 180.0 0.0 1.2
180.0 420.0 0.0 1.8
420.0 660.0 0.0 1
660.0 840.0 0.0 1.5

[speed choose matrix]
4 4 4 4 4 4 4 4 4 4 4 4
4 4 3 2 0 1 2 4 3 2 1 4
4 3 4 3 2 4 1 0 2 3 4 4
4 1 3 4 3 2 4 3 0 1 2 4
4 0 1 3 4 3 1 4 2 4 0 4
4 2 4 1 3 4 3 2 1 1 2 4
4 1 2 4 2 3 4 3 2 2 1 4
4 4 0 3 4 1 3 4 3 2 4 4
4 3 1 0 1 2 1 3 4 1 1 4
4 1 3 2 4 2 1 1 2 4 2 4
4 2 4 1 0 1 2 4 2 1 4 4
4 4 4 4 4 4 4 4 4 4 4 4

